0.000	0.00000E+00	0.00000E+00	0.00000E+00	0.00000E+00	0.00000E+00
0.005	3.02514E-04	1.56776E-01	1.56776E+01	1.21005E-01	3.12943E+01
0.010	1.21521E-03	3.12931E-01	3.12931E+01	2.44072E-01	3.11680E+01
0.015	2.75599E-03	4.68439E-01	4.68439E+01	3.72241E-01	3.10353E+01
0.020	4.96170E-03	6.23253E-01	6.23253E+01	5.10046E-01	3.08904E+01
0.025	7.90214E-03	7.77294E-01	7.77294E+01	6.66130E-01	3.07259E+01
0.030	1.17302E-02	9.30399E-01	9.30399E+01	8.65101E-01	3.05159E+01
0.035	1.69379E-02	1.08207E+00	1.08207E+02	1.21796E+00	3.01508E+01
0.040	2.41913E-02	1.23162E+00	1.23162E+02	1.68341E+00	2.96705E+01
0.045	3.39782E-02	1.37856E+00	1.37856E+02	2.23134E+00	2.91065E+01
0.050	4.67067E-02	1.52248E+00	1.52248E+02	2.86006E+00	2.84590E+01
0.055	6.27723E-02	1.66296E+00	1.66296E+02	3.56616E+00	2.77329E+01
0.060	8.25492E-02	1.79962E+00	1.79962E+02	4.34460E+00	2.69319E+01
0.065	1.06383E-01	1.93211E+00	1.93211E+02	5.18893E+00	2.60637E+01
0.070	1.34584E-01	2.06010E+00	2.06010E+02	6.09147E+00	2.51347E+01
0.075	1.67422E-01	2.18333E+00	2.18333E+02	7.04363E+00	2.41549E+01
0.080	2.05121E-01	2.30154E+00	2.30154E+02	8.03615E+00	2.31321E+01
0.085	2.47860E-01	2.41457E+00	2.41457E+02	9.05937E+00	2.20773E+01
0.090	2.95767E-01	2.52226E+00	2.52226E+02	1.01035E+01	2.09990E+01
0.095	3.48924E-01	2.62452E+00	2.62452E+02	1.11590E+01	1.99081E+01
0.100	4.07363E-01	2.72133E+00	2.72133E+02	1.22166E+01	1.88125E+01
0.105	4.71074E-01	2.81266E+00	2.81266E+02	1.32677E+01	1.77222E+01
0.110	5.40003E-01	2.89858E+00	2.89858E+02	1.43042E+01	1.66439E+01
0.115	6.14061E-01	2.97915E+00	2.97915E+02	1.53191E+01	1.55860E+01
0.120	6.93124E-01	3.05450E+00	3.05450E+02	1.63061E+01	1.45533E+01
0.125	7.77040E-01	3.12477E+00	3.12477E+02	1.72601E+01	1.35525E+01
0.130	8.65632E-01	3.19011E+00	3.19011E+02	1.81767E+01	1.25865E+01
0.135	9.58705E-01	3.25073E+00	3.25073E+02	1.90525E+01	1.16600E+01
0.140	1.05605E+00	3.30682E+00	3.30682E+02	1.98850E+01	1.07743E+01
0.145	1.15744E+00	3.35858E+00	3.35858E+02	2.06724E+01	9.93251E+00
0.150	1.26266E+00	3.40625E+00	3.40625E+02	2.14137E+01	9.13422E+00
0.155	1.37146E+00	3.45004E+00	3.45004E+02	2.21085E+01	8.38115E+00
0.160	1.48363E+00	3.49017E+00	3.49017E+02	2.27571E+01	7.67184E+00
0.165	1.59892E+00	3.52687E+00	3.52687E+02	2.33600E+01	7.00695E+00
0.170	1.71712E+00	3.56035E+00	3.56035E+02	2.39183E+01	6.38415E+00
0.175	1.83799E+00	3.59081E+00	3.59081E+02	2.44333E+01	5.80342E+00
0.180	1.96134E+00	3.61848E+00	3.61848E+02	2.49066E+01	5.26189E+00
0.185	2.08696E+00	3.64353E+00	3.64353E+02	2.53400E+01	4.75910E+00
0.190	2.21465E+00	3.66616E+00	3.66616E+02	2.57352E+01	4.29190E+00
0.195	2.34422E+00	3.68654E+00	3.68654E+02	2.60943E+01	3.85962E+00
0.200	2.47551E+00	3.70483E+00	3.70483E+02	2.64193E+01	3.45899E+00
0.205	2.60834E+00	3.72120E+00	3.72120E+02	2.67121E+01	3.08933E+00
0.210	2.74255E+00	3.73580E+00	3.73580E+02	2.69748E+01	2.74737E+00
0.215	2.87801E+00	3.74875E+00	3.74875E+02	2.72091E+01	2.43248E+00
0.220	3.01458E+00	3.76018E+00	3.76018E+02	2.74171E+01	2.14152E+00
0.225	3.15212E+00	3.77022E+00	3.77022E+02	2.76005E+01	1.87399E+00
0.230	3.29053E+00	3.77897E+00	3.77897E+02	2.77609E+01	1.62690E+00
0.235	3.42968E+00	3.78654E+00	3.78654E+02	2.79001E+01	1.39992E+00
0.240	3.56948E+00	3.79301E+00	3.79301E+02	2.80195E+01	1.19024E+00
0.245	3.70983E+00	3.79848E+00	3.79848E+02	2.81207E+01	9.97701E-01
0.250	3.85064E+00	3.80303E+00	3.80303E+02	2.82048E+01	8.19685E-01
0.255	3.99184E+00	3.80672E+00	3.80672E+02	2.82733E+01	6.56228E-01
0.260	4.13334E+00	3.80962E+00	3.80962E+02	2.83272E+01	5.04873E-01
0.265	4.27508E+00	3.81180E+00	3.81180E+02	2.83677E+01	3.65833E-01
0.270	4.41698E+00	3.81330E+00	3.81330E+02	2.83957E+01	2.36818E-01
0.275	4.55900E+00	3.81419E+00	3.81419E+02	2.84123E+01	1.18195E-01
0.280	4.70108E+00	3.81451E+00	3.81451E+02	2.84181E+01	7.82541E-03
0.285	4.84316E+00	3.81429E+00	3.81429E+02	2.84141E+01	-9.37824E-02
0.290	4.98520E+00	3.81358E+00	3.81358E+02	2.84010E+01	-1.88638E-01
0.295	5.12715E+00	3.81242E+00	3.81242E+02	2.83794E+01	-2.76108E-01
0.300	5.26897E+00	3.81084E+00	3.81084E+02	2.83499E+01	-3.58089E-01
0.305	5.41063E+00	3.80886E+00	3.80886E+02	2.83131E+01	-4.33839E-01
0.310	5.55209E+00	3.80651E+00	3.80651E+02	2.82695E+01	-5.05157E-01
0.315	5.69331E+00	3.80382E+00	3.80382E+02	2.82195E+01	-5.71213E-01
0.320	5.83427E+00	3.80081E+00	3.80081E+02	2.81637E+01	-6.33718E-01
0.325	5.97493E+00	3.79749E+00	3.79749E+02	2.81023E+01	-6.91766E-01
0.330	6.11528E+00	3.79390E+00	3.79390E+02	2.80358E+01	-7.46998E-01
0.335	6.25528E+00	3.79003E+00	3.79003E+02	2.79645E+01	-7.98443E-01
0.340	6.39491E+00	3.78592E+00	3.78592E+02	2.78887E+01	-8.47683E-01
0.345	6.53415E+00	3.78156E+00	3.78156E+02	2.78086E+01	-8.93690E-01
0.350	6.67299E+00	3.77698E+00	3.77698E+02	2.77245E+01	-9.37998E-01
0.355	6.81139E+00	3.77219E+00	3.77219E+02	2.76366E+01	-9.79535E-01
0.360	6.94934E+00	3.76719E+00	3.76719E+02	2.75451E+01	-1.01979E+00
0.365	7.08683E+00	3.76200E+00	3.76200E+02	2.74503E+01	-1.05766E+00
0.370	7.22384E+00	3.75662E+00	3.75662E+02	2.73522E+01	-1.09459E+00
0.375	7.36035E+00	3.75106E+00	3.75106E+02	2.72511E+01	-1.12944E+00
0.380	7.49634E+00	3.74533E+00	3.74533E+02	2.71471E+01	-1.16365E+00
0.385	7.63181E+00	3.73943E+00	3.73943E+02	2.70404E+01	-1.19605E+00
0.390	7.76674E+00	3.73337E+00	3.73337E+02	2.69309E+01	-1.22803E+00
0.395	7.90111E+00	3.72715E+00	3.72715E+02	2.68190E+01	-1.25842E+00
0.400	8.03492E+00	3.72078E+00	3.72078E+02	2.67046E+01	-1.28859E+00
0.405	8.16815E+00	3.71427E+00	3.71427E+02	2.65878E+01	-1.31734E+00
0.410	8.30080E+00	3.70761E+00	3.70761E+02	2.64688E+01	-1.34603E+00
0.415	8.43284E+00	3.70081E+00	3.70081E+02	2.63477E+01	-1.37346E+00
0.420	8.56427E+00	3.69387E+00	3.69387E+02	2.62244E+01	-1.40096E+00
0.425	8.69508E+00	3.68680E+00	3.68680E+02	2.60991E+01	-1.42732E+00
0.430	8.82525E+00	3.67960E+00	3.67960E+02	2.59718E+01	-1.45387E+00
0.435	8.95479E+00	3.67227E+00	3.67227E+02	2.58426E+01	-1.47937E+00
0.440	9.08367E+00	3.66481E+00	3.66481E+02	2.57115E+01	-1.50516E+00
0.445	9.21190E+00	3.65722E+00	3.65722E+02	2.55786E+01	-1.52998E+00
0.450	9.33946E+00	3.64951E+00	3.64951E+02	2.54440E+01	-1.55516E+00
0.455	9.46633E+00	3.64167E+00	3.64167E+02	2.53076E+01	-1.57945E+00
0.460	9.59253E+00	3.63371E+00	3.63371E+02	2.51696E+01	-1.60417E+00
0.465	9.71803E+00	3.62563E+00	3.62563E+02	2.50299E+01	-1.62805E+00
0.470	9.84282E+00	3.61743E+00	3.61743E+02	2.48886E+01	-1.65241E+00
0.475	9.96691E+00	3.60911E+00	3.60911E+02	2.47457E+01	-1.67598E+00
0.480	1.00903E+01	3.60067E+00	3.60067E+02	2.46013E+01	-1.70008E+00
0.485	1.02129E+01	3.59211E+00	3.59211E+02	2.44553E+01	-1.72344E+00
0.490	1.03348E+01	3.58343E+00	3.58343E+02	2.43079E+01	-1.74736E+00
0.495	1.04560E+01	3.57464E+00	3.57464E+02	2.41590E+01	-1.77057E+00
0.500	1.05764E+01	3.56572E+00	3.56572E+02	2.40087E+01	-1.79437E+00
0.505	1.06961E+01	3.55669E+00	3.55669E+02	2.38570E+01	-1.81750E+00
0.510	1.08150E+01	3.54755E+00	3.54755E+02	2.37039E+01	-1.84125E+00
0.515	1.09331E+01	3.53828E+00	3.53828E+02	2.35495E+01	-1.86434E+00
0.520	1.10505E+01	3.52890E+00	3.52890E+02	2.33937E+01	-1.88808E+00
0.525	1.11670E+01	3.51940E+00	3.51940E+02	2.32366E+01	-1.91119E+00
0.530	1.12828E+01	3.50979E+00	3.50979E+02	2.30782E+01	-1.93497E+00
0.535	1.13978E+01	3.50006E+00	3.50006E+02	2.29186E+01	-1.95814E+00
0.540	1.15120E+01	3.49021E+00	3.49021E+02	2.27577E+01	-1.98199E+00
0.545	1.16254E+01	3.48024E+00	3.48024E+02	2.25955E+01	-2.00525E+00
0.550	1.17380E+01	3.47015E+00	3.47015E+02	2.24322E+01	-2.02921E+00
0.555	1.18497E+01	3.45995E+00	3.45995E+02	2.22676E+01	-2.05259E+00
0.560	1.19606E+01	3.44962E+00	3.44962E+02	2.21019E+01	-2.07668E+00
0.565	1.20707E+01	3.43918E+00	3.43918E+02	2.19350E+01	-2.10021E+00
0.570	1.21800E+01	3.42862E+00	3.42862E+02	2.17670E+01	-2.12447E+00
0.575	1.22884E+01	3.41794E+00	3.41794E+02	2.15979E+01	-2.14818E+00
0.580	1.23960E+01	3.40714E+00	3.40714E+02	2.14276E+01	-2.17263E+00
0.585	1.25027E+01	3.39621E+00	3.39621E+02	2.12563E+01	-2.19654E+00
0.590	1.26085E+01	3.38517E+00	3.38517E+02	2.10839E+01	-2.22121E+00
0.595	1.27135E+01	3.37400E+00	3.37400E+02	2.09105E+01	-2.24534E+00
0.600	1.28176E+01	3.36271E+00	3.36271E+02	2.07360E+01	-2.27024E+00
0.605	1.29209E+01	3.35130E+00	3.35130E+02	2.05605E+01	-2.29462E+00
0.610	1.30232E+01	3.33977E+00	3.33977E+02	2.03840E+01	-2.31977E+00
0.615	1.31247E+01	3.32811E+00	3.32811E+02	2.02066E+01	-2.34442E+00
0.620	1.32253E+01	3.31632E+00	3.31632E+02	2.00282E+01	-2.36985E+00
0.625	1.33250E+01	3.30441E+00	3.30441E+02	1.98488E+01	-2.39479E+00
0.630	1.34238E+01	3.29237E+00	3.29237E+02	1.96685E+01	-2.42052E+00
0.635	1.35217E+01	3.28020E+00	3.28020E+02	1.94873E+01	-2.44577E+00
0.640	1.36186E+01	3.26791E+00	3.26791E+02	1.93052E+01	-2.47182E+00
0.645	1.37147E+01	3.25549E+00	3.25549E+02	1.91223E+01	-2.49739E+00
0.650	1.38099E+01	3.24293E+00	3.24293E+02	1.89385E+01	-2.52379E+00
0.655	1.39041E+01	3.23025E+00	3.23025E+02	1.87538E+01	-2.54971E+00
0.660	1.39974E+01	3.21743E+00	3.21743E+02	1.85684E+01	-2.57647E+00
0.665	1.40898E+01	3.20449E+00	3.20449E+02	1.83821E+01	-2.60276E+00
0.670	1.41812E+01	3.19141E+00	3.19141E+02	1.81951E+01	-2.62990E+00
0.675	1.42717E+01	3.17819E+00	3.17819E+02	1.80073E+01	-2.65660E+00
0.680	1.43613E+01	3.16484E+00	3.16484E+02	1.78188E+01	-2.68414E+00
0.685	1.44499E+01	3.15135E+00	3.15135E+02	1.76295E+01	-2.71125E+00
0.690	1.45376E+01	3.13772E+00	3.13772E+02	1.74396E+01	-2.73923E+00
0.695	1.46243E+01	3.12396E+00	3.12396E+02	1.72490E+01	-2.76678E+00
0.700	1.47101E+01	3.11005E+00	3.11005E+02	1.70577E+01	-2.79521E+00
0.705	1.47949E+01	3.09601E+00	3.09601E+02	1.68657E+01	-2.82323E+00
0.710	1.48787E+01	3.08182E+00	3.08182E+02	1.66731E+01	-2.85213E+00
0.715	1.49616E+01	3.06749E+00	3.06749E+02	1.64800E+01	-2.88065E+00
0.720	1.50435E+01	3.05301E+00	3.05301E+02	1.62862E+01	-2.91006E+00
0.725	1.51245E+01	3.03839E+00	3.03839E+02	1.60919E+01	-2.93909E+00
0.730	1.52044E+01	3.02362E+00	3.02362E+02	1.58970E+01	-2.96904E+00
0.735	1.52834E+01	3.00870E+00	3.00870E+02	1.57017E+01	-2.99862E+00
0.740	1.53615E+01	2.99363E+00	2.99363E+02	1.55058E+01	-3.02913E+00
0.745	1.54385E+01	2.97841E+00	2.97841E+02	1.53095E+01	-3.05929E+00
0.750	1.55146E+01	2.96303E+00	2.96303E+02	1.51127E+01	-3.09040E+00
0.755	1.55896E+01	2.94750E+00	2.94750E+02	1.49154E+01	-3.12118E+00
0.760	1.56637E+01	2.93182E+00	2.93182E+02	1.47178E+01	-3.15291E+00
0.765	1.57368E+01	2.91597E+00	2.91597E+02	1.45198E+01	-3.18433E+00
0.770	1.58089E+01	2.89997E+00	2.89997E+02	1.43214E+01	-3.21673E+00
0.775	1.58800E+01	2.88381E+00	2.88381E+02	1.41226E+01	-3.24884E+00
0.780	1.59501E+01	2.86748E+00	2.86748E+02	1.39236E+01	-3.28194E+00
0.785	1.60193E+01	2.85099E+00	2.85099E+02	1.37243E+01	-3.31476E+00
0.790	1.60874E+01	2.83433E+00	2.83433E+02	1.35247E+01	-3.34861E+00
0.795	1.61545E+01	2.81750E+00	2.81750E+02	1.33248E+01	-3.38219E+00
0.800	1.62206E+01	2.80051E+00	2.80051E+02	1.31248E+01	-3.41682E+00
0.805	1.62857E+01	2.78334E+00	2.78334E+02	1.29245E+01	-3.45121E+00
0.810	1.63499E+01	2.76599E+00	2.76599E+02	1.27241E+01	-3.48667E+00
0.815	1.64130E+01	2.74847E+00	2.74847E+02	1.25236E+01	-3.52191E+00
0.820	1.64751E+01	2.73077E+00	2.73077E+02	1.23229E+01	-3.55825E+00
0.825	1.65362E+01	2.71289E+00	2.71289E+02	1.21222E+01	-3.59439E+00
0.830	1.65963E+01	2.69482E+00	2.69482E+02	1.19214E+01	-3.63166E+00
0.835	1.66554E+01	2.67657E+00	2.67657E+02	1.17205E+01	-3.66876E+00
0.840	1.67135E+01	2.65813E+00	2.65813E+02	1.15197E+01	-3.70701E+00
0.845	1.67706E+01	2.63950E+00	2.63950E+02	1.13189E+01	-3.74513E+00
0.850	1.68267E+01	2.62068E+00	2.62068E+02	1.11182E+01	-3.78442E+00
0.855	1.68818E+01	2.60166E+00	2.60166E+02	1.09176E+01	-3.82361E+00
0.860	1.69359E+01	2.58244E+00	2.58244E+02	1.07171E+01	-3.86401E+00
0.865	1.69890E+01	2.56302E+00	2.56302E+02	1.05167E+01	-3.90434E+00
0.870	1.70411E+01	2.54339E+00	2.54339E+02	1.03165E+01	-3.94591E+00
0.875	1.70921E+01	2.52356E+00	2.52356E+02	1.01166E+01	-3.98745E+00
0.880	1.71422E+01	2.50352E+00	2.50352E+02	9.91689E+00	-4.03027E+00
0.885	1.71913E+01	2.48326E+00	2.48326E+02	9.71749E+00	-4.07309E+00
0.890	1.72394E+01	2.46278E+00	2.46278E+02	9.51841E+00	-4.11723E+00
0.895	1.72865E+01	2.44208E+00	2.44208E+02	9.31969E+00	-4.16142E+00
0.900	1.73326E+01	2.42116E+00	2.42116E+02	9.12137E+00	-4.20698E+00
0.905	1.73777E+01	2.40001E+00	2.40001E+02	8.92349E+00	-4.25262E+00
0.910	1.74218E+01	2.37863E+00	2.37863E+02	8.72607E+00	-4.29967E+00
0.915	1.74650E+01	2.35702E+00	2.35702E+02	8.52917E+00	-4.34686E+00
0.920	1.75071E+01	2.33516E+00	2.33516E+02	8.33283E+00	-4.39551E+00
0.925	1.75483E+01	2.31306E+00	2.31306E+02	8.13707E+00	-4.44434E+00
0.930	1.75885E+01	2.29071E+00	2.29071E+02	7.94195E+00	-4.49469E+00
0.935	1.76277E+01	2.26811E+00	2.26811E+02	7.74751E+00	-4.54528E+00
0.940	1.76660E+01	2.24526E+00	2.24526E+02	7.55380E+00	-4.59744E+00
0.945	1.77033E+01	2.22214E+00	2.22214E+02	7.36085E+00	-4.64991E+00
0.950	1.77396E+01	2.19875E+00	2.19875E+02	7.16872E+00	-4.70401E+00
0.955	1.77750E+01	2.17510E+00	2.17510E+02	6.97746E+00	-4.75847E+00
0.960	1.78094E+01	2.15117E+00	2.15117E+02	6.78710E+00	-4.81463E+00
0.965	1.78428E+01	2.12695E+00	2.12695E+02	6.59771E+00	-4.87123E+00
0.970	1.78753E+01	2.10245E+00	2.10245E+02	6.40934E+00	-4.92960E+00
0.975	1.79069E+01	2.07765E+00	2.07765E+02	6.22204E+00	-4.98849E+00
0.980	1.79376E+01	2.05256E+00	2.05256E+02	6.03586E+00	-5.04922E+00
0.985	1.79673E+01	2.02716E+00	2.02716E+02	5.85086E+00	-5.11055E+00
0.990	1.79961E+01	2.00145E+00	2.00145E+02	5.66710E+00	-5.17380E+00
0.995	1.80240E+01	1.97542E+00	1.97542E+02	5.48465E+00	-5.23775E+00
1.000	1.80509E+01	1.94907E+00	1.94907E+02	5.30355E+00	-5.30371E+00
1.005	1.80770E+01	1.92238E+00	1.92238E+02	5.12388E+00	-5.37045E+00
1.010	1.81022E+01	1.89536E+00	1.89536E+02	4.94569E+00	-5.43932E+00
1.015	1.81265E+01	1.86799E+00	1.86799E+02	4.76907E+00	-5.50906E+00
1.020	1.81499E+01	1.84026E+00	1.84026E+02	4.59408E+00	-5.58104E+00
1.025	1.81724E+01	1.81217E+00	1.81217E+02	4.42078E+00	-5.65401E+00
1.030	1.81941E+01	1.78371E+00	1.78371E+02	4.24926E+00	-5.72932E+00
1.035	1.82149E+01	1.75488E+00	1.75488E+02	4.07959E+00	-5.80575E+00
1.040	1.82349E+01	1.72565E+00	1.72565E+02	3.91185E+00	-5.88464E+00
1.045	1.82540E+01	1.69603E+00	1.69603E+02	3.74612E+00	-5.96478E+00
1.050	1.82724E+01	1.66600E+00	1.66600E+02	3.58249E+00	-6.04753E+00
1.055	1.82899E+01	1.63555E+00	1.63555E+02	3.42104E+00	-6.13166E+00
1.060	1.83066E+01	1.60467E+00	1.60467E+02	3.26187E+00	-6.21854E+00
1.065	1.83225E+01	1.57336E+00	1.57336E+02	3.10506E+00	-6.30696E+00
1.070	1.83376E+01	1.54160E+00	1.54160E+02	2.95071E+00	-6.39829E+00
1.075	1.83520E+01	1.50937E+00	1.50937E+02	2.79892E+00	-6.49132E+00
1.080	1.83656E+01	1.47667E+00	1.47667E+02	2.64979E+00	-6.58744E+00
1.085	1.83785E+01	1.44349E+00	1.44349E+02	2.50344E+00	-6.68543E+00
1.090	1.83907E+01	1.40981E+00	1.40981E+02	2.35995E+00	-6.78668E+00
1.095	1.84021E+01	1.37562E+00	1.37562E+02	2.21946E+00	-6.89000E+00
1.100	1.84129E+01	1.34090E+00	1.34090E+02	2.08206E+00	-6.99678E+00
1.105	1.84229E+01	1.30565E+00	1.30565E+02	1.94789E+00	-7.10584E+00
1.110	1.84324E+01	1.26984E+00	1.26984E+02	1.81706E+00	-7.21856E+00
1.115	1.84411E+01	1.23346E+00	1.23346E+02	1.68970E+00	-7.33377E+00
1.120	1.84493E+01	1.19649E+00	1.19649E+02	1.56593E+00	-7.45288E+00
1.125	1.84568E+01	1.15892E+00	1.15892E+02	1.44588E+00	-7.57470E+00
1.130	1.84637E+01	1.12073E+00	1.12073E+02	1.32970E+00	-7.70065E+00
1.135	1.84701E+01	1.08191E+00	1.08191E+02	1.21751E+00	-7.82955E+00
1.140	1.84759E+01	1.04243E+00	1.04243E+02	1.10946E+00	-7.96283E+00
1.145	1.84812E+01	1.00227E+00	1.00227E+02	1.00568E+00	-8.09931E+00
1.150	1.84860E+01	9.61391E-01	9.61391E+01	9.18142E-01	-8.25224E+00
1.155	1.84904E+01	9.19706E-01	9.19706E+01	8.48376E-01	-8.42185E+00
1.160	1.84945E+01	8.77150E-01	8.77150E+01	7.87381E-01	-8.60041E+00
1.165	1.84983E+01	8.33691E-01	8.33691E+01	7.31704E-01	-8.78315E+00
1.170	1.85018E+01	7.89309E-01	7.89309E+01	6.79591E-01	-8.96961E+00
1.175	1.85051E+01	7.43992E-01	7.43992E+01	6.30006E-01	-9.15744E+00
1.180	1.85081E+01	6.97730E-01	6.97730E+01	5.82272E-01	-9.34724E+00
1.185	1.85109E+01	6.50519E-01	6.50519E+01	5.35919E-01	-9.53724E+00
1.190	1.85135E+01	6.02355E-01	6.02355E+01	4.90599E-01	-9.72836E+00
1.195	1.85158E+01	5.53236E-01	5.53236E+01	4.46046E-01	-9.91903E+00
1.200	1.85180E+01	5.03163E-01	5.03163E+01	4.02045E-01	-1.01103E+01
1.205	1.85199E+01	4.52135E-01	4.52135E+01	3.58422E-01	-1.03007E+01
1.210	1.85216E+01	4.00155E-01	4.00155E+01	3.15026E-01	-1.04914E+01
1.215	1.85230E+01	3.47224E-01	3.47224E+01	2.71725E-01	-1.06809E+01
1.220	1.85243E+01	2.93346E-01	2.93346E+01	2.28400E-01	-1.08704E+01
1.225	1.85253E+01	2.38524E-01	2.38524E+01	1.84940E-01	-1.10584E+01
1.230	1.85261E+01	1.82762E-01	1.82762E+01	1.41237E-01	-1.12462E+01
1.235	1.85267E+01	1.26066E-01	1.26066E+01	9.71858E-02	-1.14323E+01
1.240	1.85271E+01	6.84407E-02	6.84407E+00	5.26804E-02	-1.16179E+01
1.245	1.85272E+01	9.89217E-03	9.89217E-01	7.60946E-03	-1.18015E+01
1.250	1.85272E+01	-4.95728E-02	-4.95728E+00	-3.81457E-02	-1.19844E+01
1.255	1.85269E+01	-1.09947E-01	-1.09947E+01	-8.47146E-02	-1.21651E+01
1.260	1.85263E+01	-1.71221E-01	-1.71221E+01	-1.32242E-01	-1.23448E+01
1.265	1.85255E+01	-2.33388E-01	-2.33388E+01	-1.80895E-01	-1.25218E+01
1.270	1.85245E+01	-2.96436E-01	-2.96436E+01	-2.30867E-01	-1.26975E+01
1.275	1.85232E+01	-3.60355E-01	-3.60355E+01	-2.82393E-01	-1.28701E+01
1.280	1.85217E+01	-4.25132E-01	-4.25132E+01	-3.35760E-01	-1.30407E+01
1.285	1.85199E+01	-4.90753E-01	-4.90753E+01	-3.91332E-01	-1.32077E+01
1.290	1.85178E+01	-5.57202E-01	-5.57202E+01	-4.49588E-01	-1.33717E+01
1.295	1.85154E+01	-6.24458E-01	-6.24458E+01	-5.11177E-01	-1.35310E+01
1.300	1.85126E+01	-6.92500E-01	-6.92500E+01	-5.77030E-01	-1.36857E+01
1.305	1.85096E+01	-7.61298E-01	-7.61298E+01	-6.48572E-01	-1.38333E+01
1.310	1.85061E+01	-8.30812E-01	-8.30812E+01	-7.28195E-01	-1.39725E+01
1.315	1.85023E+01	-9.00987E-01	-9.00987E+01	-8.20572E-01	-1.40974E+01
1.320	1.84979E+01	-9.71723E-01	-9.71723E+01	-9.37825E-01	-1.41972E+01
1.325	1.84927E+01	-1.04282E+00	-1.04282E+02	-1.11050E+00	-1.42399E+01
1.330	1.84867E+01	-1.11405E+00	-1.11405E+02	-1.30998E+00	-1.42556E+01
1.335	1.84796E+01	-1.18532E+00	-1.18532E+02	-1.52963E+00	-1.42494E+01
1.340	1.84713E+01	-1.25650E+00	-1.25650E+02	-1.76972E+00	-1.42225E+01
1.345	1.84618E+01	-1.32749E+00	-1.32749E+02	-2.03037E+00	-1.41734E+01
1.350	1.84510E+01	-1.39818E+00	-1.39818E+02	-2.31157E+00	-1.41035E+01
1.355	1.84387E+01	-1.46847E+00	-1.46847E+02	-2.61312E+00	-1.40114E+01
1.360	1.84248E+01	-1.53824E+00	-1.53824E+02	-2.93469E+00	-1.38991E+01
1.365	1.84093E+01	-1.60740E+00	-1.60740E+02	-3.27576E+00	-1.37655E+01
1.370	1.83920E+01	-1.67585E+00	-1.67585E+02	-3.63569E+00	-1.36126E+01
1.375	1.83729E+01	-1.74348E+00	-1.74348E+02	-4.01368E+00	-1.34400E+01
1.380	1.83518E+01	-1.81021E+00	-1.81021E+02	-4.40879E+00	-1.32498E+01
1.385	1.83287E+01	-1.87593E+00	-1.87593E+02	-4.81997E+00	-1.30419E+01
1.390	1.83036E+01	-1.94059E+00	-1.94059E+02	-5.24604E+00	-1.28185E+01
1.395	1.82763E+01	-2.00408E+00	-2.00408E+02	-5.68576E+00	-1.25798E+01
1.400	1.82467E+01	-2.06635E+00	-2.06635E+02	-6.13777E+00	-1.23283E+01
1.405	1.82148E+01	-2.12733E+00	-2.12733E+02	-6.60068E+00	-1.20641E+01
1.410	1.81807E+01	-2.18697E+00	-2.18697E+02	-7.07304E+00	-1.17900E+01
1.415	1.81441E+01	-2.24521E+00	-2.24521E+02	-7.55338E+00	-1.15060E+01
1.420	1.81051E+01	-2.30201E+00	-2.30201E+02	-8.04023E+00	-1.12151E+01
1.425	1.80637E+01	-2.35734E+00	-2.35734E+02	-8.53211E+00	-1.09172E+01
1.430	1.80198E+01	-2.41117E+00	-2.41117E+02	-9.02757E+00	-1.06153E+01
1.435	1.79734E+01	-2.46348E+00	-2.46348E+02	-9.52521E+00	-1.03093E+01
1.440	1.79245E+01	-2.51426E+00	-2.51426E+02	-1.00237E+01	-1.00019E+01
1.445	1.78732E+01	-2.56350E+00	-2.56350E+02	-1.05216E+01	-9.69307E+00
1.450	1.78193E+01	-2.61120E+00	-2.61120E+02	-1.10179E+01	-9.38539E+00
1.455	1.77630E+01	-2.65736E+00	-2.65736E+02	-1.15113E+01	-9.07865E+00
1.460	1.77042E+01	-2.70199E+00	-2.70199E+02	-1.20008E+01	-8.77521E+00
1.465	1.76430E+01	-2.74512E+00	-2.74512E+02	-1.24854E+01	-8.47474E+00
1.470	1.75794E+01	-2.78675E+00	-2.78675E+02	-1.29642E+01	-8.17940E+00
1.475	1.75134E+01	-2.82692E+00	-2.82692E+02	-1.34364E+01	-7.88867E+00
1.480	1.74450E+01	-2.86565E+00	-2.86565E+02	-1.39014E+01	-7.60453E+00
1.485	1.73744E+01	-2.90298E+00	-2.90298E+02	-1.43585E+01	-7.32629E+00
1.490	1.73015E+01	-2.93894E+00	-2.93894E+02	-1.48073E+01	-7.05574E+00
1.495	1.72263E+01	-2.97356E+00	-2.97356E+02	-1.52472E+01	-6.79202E+00
1.500	1.71490E+01	-3.00688E+00	-3.00688E+02	-1.56779E+01	-6.53674E+00
1.505	1.70696E+01	-3.03894E+00	-3.03894E+02	-1.60993E+01	-6.28890E+00
1.510	1.69880E+01	-3.06979E+00	-3.06979E+02	-1.65109E+01	-6.04997E+00
1.515	1.69045E+01	-3.09946E+00	-3.09946E+02	-1.69128E+01	-5.81878E+00
1.520	1.68189E+01	-3.12800E+00	-3.12800E+02	-1.73048E+01	-5.59671E+00
1.525	1.67315E+01	-3.15545E+00	-3.15545E+02	-1.76869E+01	-5.38246E+00
1.530	1.66421E+01	-3.18185E+00	-3.18185E+02	-1.80592E+01	-5.17730E+00
1.535	1.65509E+01	-3.20724E+00	-3.20724E+02	-1.84216E+01	-4.97985E+00
1.540	1.64579E+01	-3.23167E+00	-3.23167E+02	-1.87744E+01	-4.79130E+00
1.545	1.63632E+01	-3.25517E+00	-3.25517E+02	-1.91176E+01	-4.61019E+00
1.550	1.62668E+01	-3.27779E+00	-3.27779E+02	-1.94515E+01	-4.43765E+00
1.555	1.61687E+01	-3.29956E+00	-3.29956E+02	-1.97761E+01	-4.27218E+00
1.560	1.60690E+01	-3.32053E+00	-3.32053E+02	-2.00918E+01	-4.11485E+00
1.565	1.59678E+01	-3.34073E+00	-3.34073E+02	-2.03987E+01	-3.96414E+00
1.570	1.58650E+01	-3.36019E+00	-3.36019E+02	-2.06972E+01	-3.82108E+00
1.575	1.57608E+01	-3.37896E+00	-3.37896E+02	-2.09873E+01	-3.68413E+00
1.580	1.56552E+01	-3.39705E+00	-3.39705E+02	-2.12694E+01	-3.55433E+00
1.585	1.55482E+01	-3.41451E+00	-3.41451E+02	-2.15438E+01	-3.43010E+00
1.590	1.54398E+01	-3.43137E+00	-3.43137E+02	-2.18107E+01	-3.31247E+00
1.595	1.53301E+01	-3.44765E+00	-3.44765E+02	-2.20703E+01	-3.19988E+00
1.600	1.52191E+01	-3.46338E+00	-3.46338E+02	-2.23229E+01	-3.09336E+00
1.605	1.51069E+01	-3.47860E+00	-3.47860E+02	-2.25689E+01	-2.99136E+00
1.610	1.49934E+01	-3.49331E+00	-3.49331E+02	-2.28083E+01	-2.89491E+00
1.615	1.48788E+01	-3.50755E+00	-3.50755E+02	-2.30415E+01	-2.80247E+00
1.620	1.47630E+01	-3.52135E+00	-3.52135E+02	-2.32687E+01	-2.71508E+00
1.625	1.46461E+01	-3.53471E+00	-3.53471E+02	-2.34901E+01	-2.63121E+00
1.630	1.45281E+01	-3.54767E+00	-3.54767E+02	-2.37060E+01	-2.55194E+00
1.635	1.44091E+01	-3.56024E+00	-3.56024E+02	-2.39166E+01	-2.47574E+00
1.640	1.42890E+01	-3.57244E+00	-3.57244E+02	-2.41219E+01	-2.40370E+00
1.645	1.41679E+01	-3.58428E+00	-3.58428E+02	-2.43224E+01	-2.33432E+00
1.650	1.40458E+01	-3.59579E+00	-3.59579E+02	-2.45181E+01	-2.26870E+00
1.655	1.39227E+01	-3.60698E+00	-3.60698E+02	-2.47092E+01	-2.20536E+00
1.660	1.37987E+01	-3.61785E+00	-3.61785E+02	-2.48959E+01	-2.14541E+00
1.665	1.36737E+01	-3.62844E+00	-3.62844E+02	-2.50783E+01	-2.08741E+00
1.670	1.35479E+01	-3.63874E+00	-3.63874E+02	-2.52567E+01	-2.03248E+00
1.675	1.34212E+01	-3.64877E+00	-3.64877E+02	-2.54311E+01	-1.97917E+00
1.680	1.32936E+01	-3.65853E+00	-3.65853E+02	-2.56017E+01	-1.92864E+00
1.685	1.31652E+01	-3.66806E+00	-3.66806E+02	-2.57685E+01	-1.87946E+00
1.690	1.30359E+01	-3.67734E+00	-3.67734E+02	-2.59318E+01	-1.83279E+00
1.695	1.29059E+01	-3.68639E+00	-3.68639E+02	-2.60917E+01	-1.78722E+00
1.700	1.27750E+01	-3.69521E+00	-3.69521E+02	-2.62482E+01	-1.74394E+00
1.705	1.26434E+01	-3.70383E+00	-3.70383E+02	-2.64014E+01	-1.70154E+00
1.710	1.25110E+01	-3.71223E+00	-3.71223E+02	-2.65515E+01	-1.66121E+00
1.715	1.23779E+01	-3.72044E+00	-3.72044E+02	-2.66985E+01	-1.62158E+00
1.720	1.22440E+01	-3.72845E+00	-3.72845E+02	-2.68425E+01	-1.58384E+00
1.725	1.21095E+01	-3.73628E+00	-3.73628E+02	-2.69835E+01	-1.54661E+00
1.730	1.19742E+01	-3.74393E+00	-3.74393E+02	-2.71218E+01	-1.51112E+00
1.735	1.18383E+01	-3.75139E+00	-3.75139E+02	-2.72572E+01	-1.47601E+00
1.740	1.17016E+01	-3.75869E+00	-3.75869E+02	-2.73899E+01	-1.44248E+00
1.745	1.15644E+01	-3.76582E+00	-3.76582E+02	-2.75200E+01	-1.40920E+00
1.750	1.14265E+01	-3.77278E+00	-3.77278E+02	-2.76475E+01	-1.37739E+00
1.755	1.12879E+01	-3.77959E+00	-3.77959E+02	-2.77723E+01	-1.34571E+00
1.760	1.11487E+01	-3.78625E+00	-3.78625E+02	-2.78947E+01	-1.31539E+00
1.765	1.10090E+01	-3.79275E+00	-3.79275E+02	-2.80146E+01	-1.28510E+00
1.770	1.08686E+01	-3.79910E+00	-3.79910E+02	-2.81321E+01	-1.25608E+00
1.775	1.07276E+01	-3.80531E+00	-3.80531E+02	-2.82471E+01	-1.22701E+00
1.780	1.05861E+01	-3.81137E+00	-3.81137E+02	-2.83598E+01	-1.19913E+00
1.785	1.04441E+01	-3.81730E+00	-3.81730E+02	-2.84702E+01	-1.17112E+00
1.790	1.03014E+01	-3.82309E+00	-3.82309E+02	-2.85782E+01	-1.14423E+00
1.795	1.01583E+01	-3.82874E+00	-3.82874E+02	-2.86840E+01	-1.11715E+00
1.800	1.00146E+01	-3.83426E+00	-3.83426E+02	-2.87875E+01	-1.09113E+00
1.805	9.87041E+00	-3.83965E+00	-3.83965E+02	-2.88888E+01	-1.06485E+00
1.810	9.72572E+00	-3.84491E+00	-3.84491E+02	-2.89878E+01	-1.03959E+00
1.815	9.58054E+00	-3.85005E+00	-3.85005E+02	-2.90847E+01	-1.01403E+00
1.820	9.43488E+00	-3.85505E+00	-3.85505E+02	-2.91794E+01	-9.89435E-01
1.825	9.28875E+00	-3.85994E+00	-3.85994E+02	-2.92719E+01	-9.64497E-01
1.830	9.14216E+00	-3.86470E+00	-3.86470E+02	-2.93623E+01	-9.40488E-01
1.835	8.99513E+00	-3.86934E+00	-3.86934E+02	-2.94505E+01	-9.16099E-01
1.840	8.84766E+00	-3.87387E+00	-3.87387E+02	-2.95366E+01	-8.92606E-01
1.845	8.69977E+00	-3.87827E+00	-3.87827E+02	-2.96207E+01	-8.68702E-01
1.850	8.55146E+00	-3.88255E+00	-3.88255E+02	-2.97026E+01	-8.45664E-01
1.855	8.40275E+00	-3.88672E+00	-3.88672E+02	-2.97824E+01	-8.22188E-01
1.860	8.25364E+00	-3.89078E+00	-3.89078E+02	-2.98601E+01	-7.99553E-01
1.865	8.10415E+00	-3.89472E+00	-3.89472E+02	-2.99357E+01	-7.76456E-01
1.870	7.95429E+00	-3.89854E+00	-3.89854E+02	-3.00093E+01	-7.54179E-01
1.875	7.80407E+00	-3.90226E+00	-3.90226E+02	-3.00809E+01	-7.31420E-01
1.880	7.65349E+00	-3.90586E+00	-3.90586E+02	-3.01503E+01	-7.09461E-01
1.885	7.50257E+00	-3.90935E+00	-3.90935E+02	-3.02177E+01	-6.87003E-01
1.890	7.35132E+00	-3.91273E+00	-3.91273E+02	-3.02831E+01	-6.65328E-01
1.895	7.19974E+00	-3.91600E+00	-3.91600E+02	-3.03464E+01	-6.43138E-01
1.900	7.04786E+00	-3.91917E+00	-3.91917E+02	-3.04077E+01	-6.21719E-01
1.905	6.89567E+00	-3.92222E+00	-3.92222E+02	-3.04670E+01	-5.99770E-01
1.910	6.74319E+00	-3.92517E+00	-3.92517E+02	-3.05243E+01	-5.78578E-01
1.915	6.59043E+00	-3.92800E+00	-3.92800E+02	-3.05795E+01	-5.56846E-01
1.920	6.43740E+00	-3.93074E+00	-3.93074E+02	-3.06327E+01	-5.35861E-01
1.925	6.28411E+00	-3.93336E+00	-3.93336E+02	-3.06838E+01	-5.14324E-01
1.930	6.13057E+00	-3.93588E+00	-3.93588E+02	-3.07330E+01	-4.93524E-01
1.935	5.97678E+00	-3.93830E+00	-3.93830E+02	-3.07802E+01	-4.72164E-01
1.940	5.82277E+00	-3.94060E+00	-3.94060E+02	-3.08253E+01	-4.51531E-01
1.945	5.66854E+00	-3.94281E+00	-3.94281E+02	-3.08684E+01	-4.30331E-01
1.950	5.51409E+00	-3.94491E+00	-3.94491E+02	-3.09096E+01	-4.09851E-01
1.955	5.35945E+00	-3.94691E+00	-3.94691E+02	-3.09487E+01	-3.88796E-01
1.960	5.20461E+00	-3.94880E+00	-3.94880E+02	-3.09858E+01	-3.68454E-01
1.965	5.04959E+00	-3.95059E+00	-3.95059E+02	-3.10209E+01	-3.47531E-01
1.970	4.89441E+00	-3.95228E+00	-3.95228E+02	-3.10541E+01	-3.27315E-01
1.975	4.73906E+00	-3.95386E+00	-3.95386E+02	-3.10852E+01	-3.06512E-01
1.980	4.58356E+00	-3.95534E+00	-3.95534E+02	-3.11143E+01	-2.86411E-01
1.985	4.42792E+00	-3.95672E+00	-3.95672E+02	-3.11415E+01	-2.65717E-01
1.990	4.27215E+00	-3.95800E+00	-3.95800E+02	-3.11667E+01	-2.45721E-01
1.995	4.11626E+00	-3.95918E+00	-3.95918E+02	-3.11898E+01	-2.25127E-01
2.000	3.96026E+00	-3.96026E+00	-3.96026E+02	-3.12110E+01	-2.05225E-01
2.005	3.80415E+00	-3.96123E+00	-3.96123E+02	-3.12302E+01	-1.84722E-01
2.010	3.64796E+00	-3.96210E+00	-3.96210E+02	-3.12475E+01	-1.64908E-01
2.015	3.49168E+00	-3.96288E+00	-3.96288E+02	-3.12627E+01	-1.44488E-01
2.020	3.33534E+00	-3.96355E+00	-3.96355E+02	-3.12760E+01	-1.24752E-01
2.025	3.17893E+00	-3.96412E+00	-3.96412E+02	-3.12873E+01	-1.04407E-01
2.030	3.02247E+00	-3.96460E+00	-3.96460E+02	-3.12966E+01	-8.47438E-02
2.035	2.86597E+00	-3.96497E+00	-3.96497E+02	-3.13040E+01	-6.44677E-02
2.040	2.70943E+00	-3.96524E+00	-3.96524E+02	-3.13094E+01	-4.48694E-02
2.045	2.55288E+00	-3.96542E+00	-3.96542E+02	-3.13128E+01	-2.46554E-02
2.050	2.39631E+00	-3.96549E+00	-3.96549E+02	-3.13143E+01	-5.11608E-03
2.055	2.23974E+00	-3.96547E+00	-3.96547E+02	-3.13138E+01	1.50419E-02
2.060	2.08318E+00	-3.96534E+00	-3.96534E+02	-3.13114E+01	3.45280E-02
2.065	1.92663E+00	-3.96512E+00	-3.96512E+02	-3.13070E+01	5.46357E-02
2.070	1.77011E+00	-3.96480E+00	-3.96480E+02	-3.13006E+01	7.40742E-02
2.075	1.61363E+00	-3.96438E+00	-3.96438E+02	-3.12923E+01	9.41369E-02
2.080	1.45719E+00	-3.96386E+00	-3.96386E+02	-3.12821E+01	1.13533E-01
2.085	1.30081E+00	-3.96324E+00	-3.96324E+02	-3.12699E+01	1.33556E-01
2.090	1.14450E+00	-3.96252E+00	-3.96252E+02	-3.12557E+01	1.52915E-01
2.095	9.88261E-01	-3.96171E+00	-3.96171E+02	-3.12397E+01	1.72903E-01
2.100	8.32108E-01	-3.96080E+00	-3.96080E+02	-3.12217E+01	1.92229E-01
2.105	6.76049E-01	-3.95979E+00	-3.95979E+02	-3.12018E+01	2.12187E-01
2.110	5.20095E-01	-3.95868E+00	-3.95868E+02	-3.11799E+01	2.31486E-01
2.115	3.64255E-01	-3.95747E+00	-3.95747E+02	-3.11562E+01	2.51419E-01
2.120	2.08538E-01	-3.95616E+00	-3.95616E+02	-3.11305E+01	2.70694E-01
2.125	5.29546E-02	-3.95476E+00	-3.95476E+02	-3.11029E+01	2.90605E-01
2.130	-1.02486E-01	-3.95326E+00	-3.95326E+02	-3.10734E+01	3.09862E-01
2.135	-2.57774E-01	-3.95166E+00	-3.95166E+02	-3.10420E+01	3.29757E-01
2.140	-4.12901E-01	-3.94996E+00	-3.94996E+02	-3.10086E+01	3.48999E-01
2.145	-5.67856E-01	-3.94817E+00	-3.94817E+02	-3.09734E+01	3.68881E-01
2.150	-7.22631E-01	-3.94628E+00	-3.94628E+02	-3.09363E+01	3.88113E-01
2.155	-8.77215E-01	-3.94429E+00	-3.94429E+02	-3.08973E+01	4.07987E-01
2.160	-1.03160E+00	-3.94220E+00	-3.94220E+02	-3.08565E+01	4.27213E-01
2.165	-1.18577E+00	-3.94001E+00	-3.94001E+02	-3.08137E+01	4.47083E-01
2.170	-1.33973E+00	-3.93773E+00	-3.93773E+02	-3.07691E+01	4.66307E-01
2.175	-1.49346E+00	-3.93535E+00	-3.93535E+02	-3.07226E+01	4.86177E-01
2.180	-1.64695E+00	-3.93287E+00	-3.93287E+02	-3.06742E+01	5.05402E-01
2.185	-1.80020E+00	-3.93029E+00	-3.93029E+02	-3.06240E+01	5.25276E-01
2.190	-1.95319E+00	-3.92762E+00	-3.92762E+02	-3.05719E+01	5.44508E-01
2.195	-2.10591E+00	-3.92485E+00	-3.92485E+02	-3.05180E+01	5.64390E-01
2.200	-2.25836E+00	-3.92198E+00	-3.92198E+02	-3.04623E+01	5.83631E-01
2.205	-2.41053E+00	-3.91901E+00	-3.91901E+02	-3.04047E+01	6.03526E-01
2.210	-2.56241E+00	-3.91594E+00	-3.91594E+02	-3.03452E+01	6.22781E-01
2.215	-2.71398E+00	-3.91278E+00	-3.91278E+02	-3.02840E+01	6.42691E-01
2.220	-2.86524E+00	-3.90952E+00	-3.90952E+02	-3.02209E+01	6.61965E-01
2.225	-3.01618E+00	-3.90616E+00	-3.90616E+02	-3.01560E+01	6.81895E-01
2.230	-3.16680E+00	-3.90270E+00	-3.90270E+02	-3.00893E+01	7.01191E-01
2.235	-3.31707E+00	-3.89914E+00	-3.89914E+02	-3.00209E+01	7.21146E-01
2.240	-3.46700E+00	-3.89549E+00	-3.89549E+02	-2.99506E+01	7.40468E-01
2.245	-3.61657E+00	-3.89174E+00	-3.89174E+02	-2.98785E+01	7.60450E-01
2.250	-3.76578E+00	-3.88789E+00	-3.88789E+02	-2.98046E+01	7.79802E-01
2.255	-3.91462E+00	-3.88394E+00	-3.88394E+02	-2.97290E+01	7.99817E-01
2.260	-4.06307E+00	-3.87989E+00	-3.87989E+02	-2.96516E+01	8.19204E-01
2.265	-4.21113E+00	-3.87574E+00	-3.87574E+02	-2.95725E+01	8.39255E-01
2.270	-4.35879E+00	-3.87150E+00	-3.87150E+02	-2.94916E+01	8.58680E-01
2.275	-4.50604E+00	-3.86716E+00	-3.86716E+02	-2.94089E+01	8.78772E-01
2.280	-4.65287E+00	-3.86271E+00	-3.86271E+02	-2.93245E+01	8.98240E-01
2.285	-4.79928E+00	-3.85817E+00	-3.85817E+02	-2.92384E+01	9.18377E-01
2.290	-4.94525E+00	-3.85353E+00	-3.85353E+02	-2.91506E+01	9.37893E-01
2.295	-5.09078E+00	-3.84879E+00	-3.84879E+02	-2.90610E+01	9.58079E-01
2.300	-5.23586E+00	-3.84395E+00	-3.84395E+02	-2.89697E+01	9.77645E-01
2.305	-5.38048E+00	-3.83901E+00	-3.83901E+02	-2.88768E+01	9.97885E-01
2.310	-5.52462E+00	-3.83397E+00	-3.83397E+02	-2.87821E+01	1.01751E+00
2.315	-5.66829E+00	-3.82884E+00	-3.82884E+02	-2.86858E+01	1.03781E+00
2.320	-5.81148E+00	-3.82360E+00	-3.82360E+02	-2.85878E+01	1.05749E+00
2.325	-5.95417E+00	-3.81826E+00	-3.81826E+02	-2.84881E+01	1.07785E+00
2.330	-6.09635E+00	-3.81282E+00	-3.81282E+02	-2.83868E+01	1.09760E+00
2.335	-6.23803E+00	-3.80728E+00	-3.80728E+02	-2.82838E+01	1.11803E+00
2.340	-6.37919E+00	-3.80164E+00	-3.80164E+02	-2.81792E+01	1.13785E+00
2.345	-6.51982E+00	-3.79590E+00	-3.79590E+02	-2.80729E+01	1.15835E+00
2.350	-6.65991E+00	-3.79006E+00	-3.79006E+02	-2.79650E+01	1.17824E+00
2.355	-6.79946E+00	-3.78412E+00	-3.78412E+02	-2.78555E+01	1.19882E+00
2.360	-6.93846E+00	-3.77807E+00	-3.77807E+02	-2.77444E+01	1.21879E+00
2.365	-7.07690E+00	-3.77193E+00	-3.77193E+02	-2.76317E+01	1.23945E+00
2.370	-7.21478E+00	-3.76568E+00	-3.76568E+02	-2.75175E+01	1.25951E+00
2.375	-7.35207E+00	-3.75933E+00	-3.75933E+02	-2.74016E+01	1.28026E+00
2.380	-7.48879E+00	-3.75288E+00	-3.75288E+02	-2.72842E+01	1.30041E+00
2.385	-7.62491E+00	-3.74632E+00	-3.74632E+02	-2.71652E+01	1.32126E+00
2.390	-7.76044E+00	-3.73967E+00	-3.73967E+02	-2.70447E+01	1.34150E+00
2.395	-7.89536E+00	-3.73291E+00	-3.73291E+02	-2.69227E+01	1.36244E+00
2.400	-8.02966E+00	-3.72604E+00	-3.72604E+02	-2.67991E+01	1.38279E+00
2.405	-8.16334E+00	-3.71908E+00	-3.71908E+02	-2.66740E+01	1.40384E+00
2.410	-8.29640E+00	-3.71201E+00	-3.71201E+02	-2.65474E+01	1.42429E+00
2.415	-8.42881E+00	-3.70483E+00	-3.70483E+02	-2.64193E+01	1.44545E+00
2.420	-8.56059E+00	-3.69756E+00	-3.69756E+02	-2.62898E+01	1.46602E+00
2.425	-8.69171E+00	-3.69017E+00	-3.69017E+02	-2.61587E+01	1.48729E+00
2.430	-8.82217E+00	-3.68268E+00	-3.68268E+02	-2.60262E+01	1.50798E+00
2.435	-8.95197E+00	-3.67509E+00	-3.67509E+02	-2.58923E+01	1.52938E+00
2.440	-9.08109E+00	-3.66739E+00	-3.66739E+02	-2.57569E+01	1.55020E+00
2.445	-9.20953E+00	-3.65959E+00	-3.65959E+02	-2.56201E+01	1.57173E+00
2.450	-9.33729E+00	-3.65168E+00	-3.65168E+02	-2.54818E+01	1.59268E+00
2.455	-9.46435E+00	-3.64366E+00	-3.64366E+02	-2.53422E+01	1.61434E+00
2.460	-9.59070E+00	-3.63553E+00	-3.63553E+02	-2.52011E+01	1.63543E+00
2.465	-9.71635E+00	-3.62730E+00	-3.62730E+02	-2.50587E+01	1.65724E+00
2.470	-9.84129E+00	-3.61896E+00	-3.61896E+02	-2.49150E+01	1.67848E+00
2.475	-9.96550E+00	-3.61052E+00	-3.61052E+02	-2.47698E+01	1.70044E+00
2.480	-1.00890E+01	-3.60196E+00	-3.60196E+02	-2.46233E+01	1.72184E+00
2.485	-1.02117E+01	-3.59329E+00	-3.59329E+02	-2.44755E+01	1.74396E+00
2.490	-1.03337E+01	-3.58452E+00	-3.58452E+02	-2.43264E+01	1.76552E+00
2.495	-1.04550E+01	-3.57564E+00	-3.57564E+02	-2.41760E+01	1.78781E+00
2.500	-1.05755E+01	-3.56664E+00	-3.56664E+02	-2.40242E+01	1.80954E+00
2.505	-1.06952E+01	-3.55754E+00	-3.55754E+02	-2.38712E+01	1.83201E+00
2.510	-1.08142E+01	-3.54833E+00	-3.54833E+02	-2.37169E+01	1.85392E+00
2.515	-1.09324E+01	-3.53900E+00	-3.53900E+02	-2.35614E+01	1.87658E+00
2.520	-1.10498E+01	-3.52956E+00	-3.52956E+02	-2.34046E+01	1.89868E+00
2.525	-1.11664E+01	-3.52001E+00	-3.52001E+02	-2.32466E+01	1.92153E+00
2.530	-1.12823E+01	-3.51035E+00	-3.51035E+02	-2.30874E+01	1.94383E+00
2.535	-1.13973E+01	-3.50057E+00	-3.50057E+02	-2.29270E+01	1.96688E+00
2.540	-1.15115E+01	-3.49068E+00	-3.49068E+02	-2.27654E+01	1.98940E+00
2.545	-1.16250E+01	-3.48067E+00	-3.48067E+02	-2.26026E+01	2.01266E+00
2.550	-1.17376E+01	-3.47055E+00	-3.47055E+02	-2.24387E+01	2.03540E+00
2.555	-1.18493E+01	-3.46032E+00	-3.46032E+02	-2.22736E+01	2.05889E+00
2.560	-1.19603E+01	-3.44997E+00	-3.44997E+02	-2.21074E+01	2.08186E+00
2.565	-1.20704E+01	-3.43950E+00	-3.43950E+02	-2.19401E+01	2.10559E+00
2.570	-1.21797E+01	-3.42891E+00	-3.42891E+02	-2.17716E+01	2.12879E+00
2.575	-1.22881E+01	-3.41821E+00	-3.41821E+02	-2.16021E+01	2.15277E+00
2.580	-1.23957E+01	-3.40739E+00	-3.40739E+02	-2.14315E+01	2.17624E+00
2.585	-1.25024E+01	-3.39644E+00	-3.39644E+02	-2.12599E+01	2.20048E+00
2.590	-1.26083E+01	-3.38538E+00	-3.38538E+02	-2.10872E+01	2.22421E+00
2.595	-1.27133E+01	-3.37420E+00	-3.37420E+02	-2.09135E+01	2.24872E+00
2.600	-1.28174E+01	-3.36290E+00	-3.36290E+02	-2.07388E+01	2.27273E+00
2.605	-1.29207E+01	-3.35147E+00	-3.35147E+02	-2.05631E+01	2.29754E+00
2.610	-1.30231E+01	-3.33992E+00	-3.33992E+02	-2.03864E+01	2.32184E+00
2.615	-1.31246E+01	-3.32825E+00	-3.32825E+02	-2.02088E+01	2.34695E+00
2.620	-1.32252E+01	-3.31645E+00	-3.31645E+02	-2.00302E+01	2.37157E+00
2.625	-1.33249E+01	-3.30453E+00	-3.30453E+02	-1.98507E+01	2.39699E+00
2.630	-1.34237E+01	-3.29249E+00	-3.29249E+02	-1.96702E+01	2.42193E+00
2.635	-1.35216E+01	-3.28031E+00	-3.28031E+02	-1.94889E+01	2.44769E+00
2.640	-1.36185E+01	-3.26801E+00	-3.26801E+02	-1.93067E+01	2.47297E+00
2.645	-1.37146E+01	-3.25558E+00	-3.25558E+02	-1.91237E+01	2.49908E+00
2.650	-1.38098E+01	-3.24302E+00	-3.24302E+02	-1.89397E+01	2.52472E+00
2.655	-1.39040E+01	-3.23033E+00	-3.23033E+02	-1.87550E+01	2.55120E+00
2.660	-1.39973E+01	-3.21751E+00	-3.21751E+02	-1.85695E+01	2.57722E+00
2.665	-1.40897E+01	-3.20456E+00	-3.20456E+02	-1.83831E+01	2.60408E+00
2.670	-1.41812E+01	-3.19147E+00	-3.19147E+02	-1.81960E+01	2.63050E+00
2.675	-1.42717E+01	-3.17825E+00	-3.17825E+02	-1.80082E+01	2.65777E+00
2.680	-1.43612E+01	-3.16489E+00	-3.16489E+02	-1.78196E+01	2.68461E+00
2.685	-1.44499E+01	-3.15140E+00	-3.15140E+02	-1.76303E+01	2.71231E+00
2.690	-1.45375E+01	-3.13777E+00	-3.13777E+02	-1.74403E+01	2.73958E+00
2.695	-1.46243E+01	-3.12400E+00	-3.12400E+02	-1.72496E+01	2.76773E+00
2.700	-1.47100E+01	-3.11009E+00	-3.11009E+02	-1.70582E+01	2.79547E+00
2.705	-1.47948E+01	-3.09605E+00	-3.09605E+02	-1.68662E+01	2.82409E+00
2.710	-1.48787E+01	-3.08185E+00	-3.08185E+02	-1.66736E+01	2.85231E+00
2.715	-1.49616E+01	-3.06752E+00	-3.06752E+02	-1.64804E+01	2.88143E+00
2.720	-1.50435E+01	-3.05304E+00	-3.05304E+02	-1.62866E+01	2.91017E+00
2.725	-1.51244E+01	-3.03842E+00	-3.03842E+02	-1.60923E+01	2.93982E+00
2.730	-1.52044E+01	-3.02364E+00	-3.02364E+02	-1.58974E+01	2.96909E+00
2.735	-1.52834E+01	-3.00872E+00	-3.00872E+02	-1.57020E+01	2.99929E+00
2.740	-1.53614E+01	-2.99365E+00	-2.99365E+02	-1.55061E+01	3.02913E+00
2.745	-1.54385E+01	-2.97843E+00	-2.97843E+02	-1.53098E+01	3.05992E+00
2.750	-1.55145E+01	-2.96305E+00	-2.96305E+02	-1.51129E+01	3.09036E+00
2.755	-1.55896E+01	-2.94752E+00	-2.94752E+02	-1.49157E+01	3.12176E+00
2.760	-1.56637E+01	-2.93184E+00	-2.93184E+02	-1.47180E+01	3.15283E+00
2.765	-1.57368E+01	-2.91599E+00	-2.91599E+02	-1.45200E+01	3.18488E+00
2.770	-1.58089E+01	-2.89999E+00	-2.89999E+02	-1.43216E+01	3.21662E+00
2.775	-1.58800E+01	-2.88382E+00	-2.88382E+02	-1.41228E+01	3.24935E+00
2.780	-1.59501E+01	-2.86750E+00	-2.86750E+02	-1.39238E+01	3.28180E+00
2.785	-1.60192E+01	-2.85100E+00	-2.85100E+02	-1.37244E+01	3.31525E+00
2.790	-1.60874E+01	-2.83434E+00	-2.83434E+02	-1.35248E+01	3.34844E+00
2.795	-1.61545E+01	-2.81752E+00	-2.81752E+02	-1.33250E+01	3.38266E+00
2.800	-1.62206E+01	-2.80052E+00	-2.80052E+02	-1.31249E+01	3.41664E+00
2.805	-1.62857E+01	-2.78335E+00	-2.78335E+02	-1.29246E+01	3.45166E+00
2.810	-1.63499E+01	-2.76600E+00	-2.76600E+02	-1.27242E+01	3.48647E+00
2.815	-1.64130E+01	-2.74848E+00	-2.74848E+02	-1.25237E+01	3.52235E+00
2.820	-1.64751E+01	-2.73078E+00	-2.73078E+02	-1.23230E+01	3.55803E+00
2.825	-1.65362E+01	-2.71290E+00	-2.71290E+02	-1.21223E+01	3.59482E+00
2.830	-1.65963E+01	-2.69483E+00	-2.69483E+02	-1.19214E+01	3.63143E+00
2.835	-1.66554E+01	-2.67658E+00	-2.67658E+02	-1.17206E+01	3.66917E+00
2.840	-1.67135E+01	-2.65814E+00	-2.65814E+02	-1.15198E+01	3.70677E+00
2.845	-1.67706E+01	-2.63951E+00	-2.63951E+02	-1.13190E+01	3.74553E+00
2.850	-1.68267E+01	-2.62069E+00	-2.62069E+02	-1.11183E+01	3.78417E+00
2.855	-1.68818E+01	-2.60166E+00	-2.60166E+02	-1.09176E+01	3.82400E+00
2.860	-1.69359E+01	-2.58245E+00	-2.58245E+02	-1.07171E+01	3.86375E+00
2.865	-1.69890E+01	-2.56302E+00	-2.56302E+02	-1.05168E+01	3.90472E+00
2.870	-1.70411E+01	-2.54340E+00	-2.54340E+02	-1.03166E+01	3.94564E+00
2.875	-1.70921E+01	-2.52356E+00	-2.52356E+02	-1.01166E+01	3.98782E+00
2.880	-1.71422E+01	-2.50352E+00	-2.50352E+02	-9.91694E+00	4.02999E+00
2.885	-1.71913E+01	-2.48326E+00	-2.48326E+02	-9.71754E+00	4.07346E+00
2.890	-1.72394E+01	-2.46279E+00	-2.46279E+02	-9.51846E+00	4.11695E+00
2.895	-1.72865E+01	-2.44209E+00	-2.44209E+02	-9.31974E+00	4.16179E+00
2.900	-1.73326E+01	-2.42117E+00	-2.42117E+02	-9.12141E+00	4.20669E+00
2.905	-1.73777E+01	-2.40002E+00	-2.40002E+02	-8.92352E+00	4.25298E+00
2.910	-1.74218E+01	-2.37864E+00	-2.37864E+02	-8.72611E+00	4.29938E+00
2.915	-1.74650E+01	-2.35702E+00	-2.35702E+02	-8.52921E+00	4.34722E+00
2.920	-1.75071E+01	-2.33516E+00	-2.33516E+02	-8.33286E+00	4.39521E+00
2.925	-1.75483E+01	-2.31307E+00	-2.31307E+02	-8.13710E+00	4.44470E+00
2.930	-1.75885E+01	-2.29072E+00	-2.29072E+02	-7.94198E+00	4.49440E+00
2.935	-1.76277E+01	-2.26812E+00	-2.26812E+02	-7.74754E+00	4.54563E+00
2.940	-1.76660E+01	-2.24526E+00	-2.24526E+02	-7.55382E+00	4.59715E+00
2.945	-1.77033E+01	-2.22214E+00	-2.22214E+02	-7.36087E+00	4.65026E+00
2.950	-1.77396E+01	-2.19876E+00	-2.19876E+02	-7.16874E+00	4.70370E+00
2.955	-1.77750E+01	-2.17510E+00	-2.17510E+02	-6.97748E+00	4.75881E+00
2.960	-1.78094E+01	-2.15117E+00	-2.15117E+02	-6.78712E+00	4.81433E+00
2.965	-1.78428E+01	-2.12695E+00	-2.12695E+02	-6.59773E+00	4.87157E+00
2.970	-1.78753E+01	-2.10245E+00	-2.10245E+02	-6.40936E+00	4.92930E+00
2.975	-1.79069E+01	-2.07766E+00	-2.07766E+02	-6.22206E+00	4.98883E+00
2.980	-1.79376E+01	-2.05256E+00	-2.05256E+02	-6.03588E+00	5.04891E+00
2.985	-1.79673E+01	-2.02716E+00	-2.02716E+02	-5.85088E+00	5.11088E+00
2.990	-1.79961E+01	-2.00145E+00	-2.00145E+02	-5.66712E+00	5.17349E+00
2.995	-1.80240E+01	-1.97542E+00	-1.97542E+02	-5.48466E+00	5.23808E+00
3.000	-1.80509E+01	-1.94907E+00	-1.94907E+02	-5.30356E+00	5.30340E+00
3.005	-1.80770E+01	-1.92238E+00	-1.92238E+02	-5.12389E+00	5.37079E+00
3.010	-1.81022E+01	-1.89536E+00	-1.89536E+02	-4.94571E+00	5.43901E+00
3.015	-1.81265E+01	-1.86799E+00	-1.86799E+02	-4.76908E+00	5.50940E+00
3.020	-1.81499E+01	-1.84026E+00	-1.84026E+02	-4.59409E+00	5.58073E+00
3.025	-1.81724E+01	-1.81217E+00	-1.81217E+02	-4.42079E+00	5.65434E+00
3.030	-1.81941E+01	-1.78372E+00	-1.78372E+02	-4.24927E+00	5.72901E+00
3.035	-1.82149E+01	-1.75488E+00	-1.75488E+02	-4.07960E+00	5.80608E+00
3.040	-1.82349E+01	-1.72565E+00	-1.72565E+02	-3.91186E+00	5.88433E+00
3.045	-1.82540E+01	-1.69603E+00	-1.69603E+02	-3.74613E+00	5.96511E+00
3.050	-1.82723E+01	-1.66600E+00	-1.66600E+02	-3.58250E+00	6.04721E+00
3.055	-1.82899E+01	-1.63555E+00	-1.63555E+02	-3.42105E+00	6.13199E+00
3.060	-1.83066E+01	-1.60467E+00	-1.60467E+02	-3.26187E+00	6.21823E+00
3.065	-1.83225E+01	-1.57336E+00	-1.57336E+02	-3.10506E+00	6.30729E+00
3.070	-1.83376E+01	-1.54160E+00	-1.54160E+02	-2.95071E+00	6.39798E+00
3.075	-1.83520E+01	-1.50937E+00	-1.50937E+02	-2.79893E+00	6.49165E+00
3.080	-1.83656E+01	-1.47668E+00	-1.47668E+02	-2.64980E+00	6.58712E+00
3.085	-1.83785E+01	-1.44349E+00	-1.44349E+02	-2.50344E+00	6.68575E+00
3.090	-1.83907E+01	-1.40981E+00	-1.40981E+02	-2.35996E+00	6.78636E+00
3.095	-1.84021E+01	-1.37562E+00	-1.37562E+02	-2.21946E+00	6.89033E+00
3.100	-1.84129E+01	-1.34090E+00	-1.34090E+02	-2.08207E+00	6.99647E+00
3.105	-1.84229E+01	-1.30565E+00	-1.30565E+02	-1.94790E+00	7.10616E+00
3.110	-1.84323E+01	-1.26984E+00	-1.26984E+02	-1.81706E+00	7.21824E+00
3.115	-1.84411E+01	-1.23346E+00	-1.23346E+02	-1.68970E+00	7.33410E+00
3.120	-1.84493E+01	-1.19649E+00	-1.19649E+02	-1.56593E+00	7.45256E+00
3.125	-1.84568E+01	-1.15892E+00	-1.15892E+02	-1.44589E+00	7.57502E+00
3.130	-1.84637E+01	-1.12073E+00	-1.12073E+02	-1.32970E+00	7.70033E+00
3.135	-1.84701E+01	-1.08191E+00	-1.08191E+02	-1.21752E+00	7.82988E+00
3.140	-1.84759E+01	-1.04243E+00	-1.04243E+02	-1.10946E+00	7.96251E+00
3.145	-1.84812E+01	-1.00227E+00	-1.00227E+02	-1.00569E+00	8.09964E+00
3.150	-1.84860E+01	-9.61392E-01	-9.61392E+01	-9.18144E-01	8.25192E+00
3.155	-1.84904E+01	-9.19706E-01	-9.19706E+01	-8.48378E-01	8.42217E+00
3.160	-1.84945E+01	-8.77151E-01	-8.77151E+01	-7.87382E-01	8.60008E+00
3.165	-1.84983E+01	-8.33692E-01	-8.33692E+01	-7.31705E-01	8.78348E+00
3.170	-1.85018E+01	-7.89310E-01	-7.89310E+01	-6.79592E-01	8.96929E+00
3.175	-1.85051E+01	-7.43992E-01	-7.43992E+01	-6.30007E-01	9.15777E+00
3.180	-1.85081E+01	-6.97731E-01	-6.97731E+01	-5.82273E-01	9.34692E+00
3.185	-1.85109E+01	-6.50519E-01	-6.50519E+01	-5.35920E-01	9.53756E+00
3.190	-1.85135E+01	-6.02355E-01	-6.02355E+01	-4.90600E-01	9.72804E+00
3.195	-1.85158E+01	-5.53237E-01	-5.53237E+01	-4.46046E-01	9.91935E+00
3.200	-1.85180E+01	-5.03164E-01	-5.03164E+01	-4.02046E-01	1.01100E+01
3.205	-1.85199E+01	-4.52136E-01	-4.52136E+01	-3.58423E-01	1.03011E+01
3.210	-1.85216E+01	-4.00156E-01	-4.00156E+01	-3.15027E-01	1.04911E+01
3.215	-1.85230E+01	-3.47225E-01	-3.47225E+01	-2.71726E-01	1.06812E+01
3.220	-1.85243E+01	-2.93347E-01	-2.93347E+01	-2.28401E-01	1.08701E+01
3.225	-1.85253E+01	-2.38525E-01	-2.38525E+01	-1.84940E-01	1.10587E+01
3.230	-1.85261E+01	-1.82763E-01	-1.82763E+01	-1.41237E-01	1.12459E+01
3.235	-1.85267E+01	-1.26067E-01	-1.26067E+01	-9.71864E-02	1.14326E+01
3.240	-1.85271E+01	-6.84415E-02	-6.84415E+00	-5.26811E-02	1.16176E+01
3.245	-1.85272E+01	-9.89300E-03	-9.89300E-01	-7.61010E-03	1.18019E+01
3.250	-1.85272E+01	4.95719E-02	4.95719E+00	3.81451E-02	1.19841E+01
3.255	-1.85269E+01	1.09946E-01	1.09946E+01	8.47140E-02	1.21655E+01
3.260	-1.85263E+01	1.71221E-01	1.71221E+01	1.32242E-01	1.23444E+01
3.265	-1.85255E+01	2.33387E-01	2.33387E+01	1.80894E-01	1.25222E+01
3.270	-1.85245E+01	2.96435E-01	2.96435E+01	2.30867E-01	1.26971E+01
3.275	-1.85232E+01	3.60354E-01	3.60354E+01	2.82392E-01	1.28704E+01
3.280	-1.85217E+01	4.25131E-01	4.25131E+01	3.35759E-01	1.30404E+01
3.285	-1.85199E+01	4.90752E-01	4.90752E+01	3.91331E-01	1.32080E+01
3.290	-1.85178E+01	5.57201E-01	5.57201E+01	4.49587E-01	1.33714E+01
3.295	-1.85154E+01	6.24458E-01	6.24458E+01	5.11176E-01	1.35313E+01
3.300	-1.85126E+01	6.92499E-01	6.92499E+01	5.77029E-01	1.36854E+01
3.305	-1.85096E+01	7.61297E-01	7.61297E+01	6.48571E-01	1.38336E+01
3.310	-1.85061E+01	8.30811E-01	8.30811E+01	7.28194E-01	1.39722E+01
3.315	-1.85023E+01	9.00986E-01	9.00986E+01	8.20571E-01	1.40977E+01
3.320	-1.84979E+01	9.71722E-01	9.71722E+01	9.37824E-01	1.41968E+01
3.325	-1.84927E+01	1.04282E+00	1.04282E+02	1.11050E+00	1.42402E+01
3.330	-1.84867E+01	1.11405E+00	1.11405E+02	1.30998E+00	1.42552E+01
3.335	-1.84796E+01	1.18532E+00	1.18532E+02	1.52963E+00	1.42498E+01
3.340	-1.84713E+01	1.25650E+00	1.25650E+02	1.76971E+00	1.42222E+01
3.345	-1.84618E+01	1.32749E+00	1.32749E+02	2.03037E+00	1.41738E+01
3.350	-1.84510E+01	1.39818E+00	1.39818E+02	2.31157E+00	1.41031E+01
3.355	-1.84387E+01	1.46847E+00	1.46847E+02	2.61312E+00	1.40118E+01
3.360	-1.84248E+01	1.53824E+00	1.53824E+02	2.93469E+00	1.38987E+01
3.365	-1.84093E+01	1.60740E+00	1.60740E+02	3.27576E+00	1.37658E+01
3.370	-1.83920E+01	1.67585E+00	1.67585E+02	3.63569E+00	1.36123E+01
3.375	-1.83729E+01	1.74348E+00	1.74348E+02	4.01368E+00	1.34403E+01
3.380	-1.83518E+01	1.81020E+00	1.81020E+02	4.40879E+00	1.32495E+01
3.385	-1.83287E+01	1.87593E+00	1.87593E+02	4.81996E+00	1.30422E+01
3.390	-1.83036E+01	1.94058E+00	1.94058E+02	5.24604E+00	1.28182E+01
3.395	-1.82762E+01	2.00408E+00	2.00408E+02	5.68575E+00	1.25801E+01
3.400	-1.82467E+01	2.06635E+00	2.06635E+02	6.13776E+00	1.23280E+01
3.405	-1.82148E+01	2.12733E+00	2.12733E+02	6.60067E+00	1.20644E+01
3.410	-1.81807E+01	2.18697E+00	2.18697E+02	7.07303E+00	1.17897E+01
3.415	-1.81441E+01	2.24521E+00	2.24521E+02	7.55338E+00	1.15064E+01
3.420	-1.81051E+01	2.30201E+00	2.30201E+02	8.04022E+00	1.12148E+01
3.425	-1.80637E+01	2.35734E+00	2.35734E+02	8.53210E+00	1.09176E+01
3.430	-1.80198E+01	2.41117E+00	2.41117E+02	9.02757E+00	1.06150E+01
3.435	-1.79734E+01	2.46348E+00	2.46348E+02	9.52520E+00	1.03096E+01
3.440	-1.79245E+01	2.51426E+00	2.51426E+02	1.00237E+01	1.00016E+01
3.445	-1.78732E+01	2.56350E+00	2.56350E+02	1.05216E+01	9.69340E+00
3.450	-1.78193E+01	2.61120E+00	2.61120E+02	1.10179E+01	9.38507E+00
3.455	-1.77630E+01	2.65736E+00	2.65736E+02	1.15113E+01	9.07898E+00
3.460	-1.77042E+01	2.70199E+00	2.70199E+02	1.20008E+01	8.77489E+00
3.465	-1.76430E+01	2.74511E+00	2.74511E+02	1.24854E+01	8.47507E+00
3.470	-1.75794E+01	2.78675E+00	2.78675E+02	1.29642E+01	8.17908E+00
3.475	-1.75134E+01	2.82692E+00	2.82692E+02	1.34364E+01	7.88899E+00
3.480	-1.74450E+01	2.86565E+00	2.86565E+02	1.39014E+01	7.60421E+00
3.485	-1.73744E+01	2.90298E+00	2.90298E+02	1.43585E+01	7.32662E+00
3.490	-1.73015E+01	2.93894E+00	2.93894E+02	1.48073E+01	7.05542E+00
3.495	-1.72263E+01	2.97355E+00	2.97355E+02	1.52472E+01	6.79234E+00
3.500	-1.71490E+01	3.00688E+00	3.00688E+02	1.56779E+01	6.53642E+00
3.505	-1.70696E+01	3.03894E+00	3.03894E+02	1.60993E+01	6.28923E+00
3.510	-1.69880E+01	3.06979E+00	3.06979E+02	1.65109E+01	6.04965E+00
3.515	-1.69045E+01	3.09946E+00	3.09946E+02	1.69128E+01	5.81911E+00
3.520	-1.68189E+01	3.12800E+00	3.12800E+02	1.73048E+01	5.59639E+00
3.525	-1.67315E+01	3.15545E+00	3.15545E+02	1.76869E+01	5.38279E+00
3.530	-1.66421E+01	3.18185E+00	3.18185E+02	1.80592E+01	5.17698E+00
3.535	-1.65509E+01	3.20724E+00	3.20724E+02	1.84216E+01	4.98018E+00
3.540	-1.64579E+01	3.23167E+00	3.23167E+02	1.87744E+01	4.79098E+00
3.545	-1.63632E+01	3.25517E+00	3.25517E+02	1.91176E+01	4.61052E+00
3.550	-1.62668E+01	3.27779E+00	3.27779E+02	1.94515E+01	4.43733E+00
3.555	-1.61687E+01	3.29956E+00	3.29956E+02	1.97761E+01	4.27250E+00
3.560	-1.60690E+01	3.32053E+00	3.32053E+02	2.00918E+01	4.11453E+00
3.565	-1.59678E+01	3.34073E+00	3.34073E+02	2.03987E+01	3.96446E+00
3.570	-1.58650E+01	3.36019E+00	3.36019E+02	2.06971E+01	3.82076E+00
3.575	-1.57608E+01	3.37896E+00	3.37896E+02	2.09873E+01	3.68446E+00
3.580	-1.56552E+01	3.39705E+00	3.39705E+02	2.12694E+01	3.55400E+00
3.585	-1.55482E+01	3.41451E+00	3.41451E+02	2.15438E+01	3.43042E+00
3.590	-1.54398E+01	3.43137E+00	3.43137E+02	2.18107E+01	3.31215E+00
3.595	-1.53301E+01	3.44765E+00	3.44765E+02	2.20703E+01	3.20021E+00
3.600	-1.52191E+01	3.46338E+00	3.46338E+02	2.23229E+01	3.09304E+00
3.605	-1.51069E+01	3.47860E+00	3.47860E+02	2.25689E+01	2.99169E+00
3.610	-1.49934E+01	3.49331E+00	3.49331E+02	2.28083E+01	2.89459E+00
3.615	-1.48788E+01	3.50755E+00	3.50755E+02	2.30415E+01	2.80279E+00
3.620	-1.47630E+01	3.52135E+00	3.52135E+02	2.32687E+01	2.71475E+00
3.625	-1.46461E+01	3.53471E+00	3.53471E+02	2.34901E+01	2.63154E+00
3.630	-1.45281E+01	3.54767E+00	3.54767E+02	2.37060E+01	2.55162E+00
3.635	-1.44091E+01	3.56024E+00	3.56024E+02	2.39166E+01	2.47606E+00
3.640	-1.42890E+01	3.57244E+00	3.57244E+02	2.41219E+01	2.40337E+00
3.645	-1.41679E+01	3.58428E+00	3.58428E+02	2.43224E+01	2.33464E+00
3.650	-1.40458E+01	3.59579E+00	3.59579E+02	2.45181E+01	2.26837E+00
3.655	-1.39227E+01	3.60698E+00	3.60698E+02	2.47092E+01	2.20568E+00
3.660	-1.37987E+01	3.61785E+00	3.61785E+02	2.48959E+01	2.14509E+00
3.665	-1.36737E+01	3.62844E+00	3.62844E+02	2.50783E+01	2.08773E+00
3.670	-1.35479E+01	3.63874E+00	3.63874E+02	2.52567E+01	2.03215E+00
3.675	-1.34212E+01	3.64877E+00	3.64877E+02	2.54311E+01	1.97949E+00
3.680	-1.32936E+01	3.65853E+00	3.65853E+02	2.56017E+01	1.92831E+00
3.685	-1.31652E+01	3.66806E+00	3.66806E+02	2.57685E+01	1.87978E+00
3.690	-1.30359E+01	3.67734E+00	3.67734E+02	2.59318E+01	1.83247E+00
3.695	-1.29059E+01	3.68639E+00	3.68639E+02	2.60917E+01	1.78755E+00
3.700	-1.27750E+01	3.69521E+00	3.69521E+02	2.62482E+01	1.74362E+00
3.705	-1.26434E+01	3.70383E+00	3.70383E+02	2.64014E+01	1.70186E+00
3.710	-1.25110E+01	3.71223E+00	3.71223E+02	2.65515E+01	1.66089E+00
3.715	-1.23779E+01	3.72044E+00	3.72044E+02	2.66985E+01	1.62190E+00
3.720	-1.22440E+01	3.72845E+00	3.72845E+02	2.68425E+01	1.58351E+00
3.725	-1.21095E+01	3.73628E+00	3.73628E+02	2.69835E+01	1.54694E+00
3.730	-1.19742E+01	3.74393E+00	3.74393E+02	2.71218E+01	1.51080E+00
3.735	-1.18383E+01	3.75139E+00	3.75139E+02	2.72572E+01	1.47633E+00
3.740	-1.17016E+01	3.75869E+00	3.75869E+02	2.73899E+01	1.44216E+00
3.745	-1.15644E+01	3.76582E+00	3.76582E+02	2.75200E+01	1.40952E+00
3.750	-1.14265E+01	3.77278E+00	3.77278E+02	2.76475E+01	1.37707E+00
3.755	-1.12879E+01	3.77959E+00	3.77959E+02	2.77723E+01	1.34603E+00
3.760	-1.11487E+01	3.78625E+00	3.78625E+02	2.78947E+01	1.31507E+00
3.765	-1.10090E+01	3.79275E+00	3.79275E+02	2.80146E+01	1.28542E+00
3.770	-1.08686E+01	3.79910E+00	3.79910E+02	2.81321E+01	1.25576E+00
3.775	-1.07276E+01	3.80531E+00	3.80531E+02	2.82471E+01	1.22733E+00
3.780	-1.05861E+01	3.81137E+00	3.81137E+02	2.83598E+01	1.19881E+00
3.785	-1.04441E+01	3.81730E+00	3.81730E+02	2.84702E+01	1.17144E+00
3.790	-1.03014E+01	3.82309E+00	3.82309E+02	2.85782E+01	1.14391E+00
3.795	-1.01583E+01	3.82874E+00	3.82874E+02	2.86840E+01	1.11747E+00
3.800	-1.00146E+01	3.83426E+00	3.83426E+02	2.87875E+01	1.09080E+00
3.805	-9.87041E+00	3.83965E+00	3.83965E+02	2.88888E+01	1.06518E+00
3.810	-9.72572E+00	3.84491E+00	3.84491E+02	2.89878E+01	1.03927E+00
3.815	-9.58054E+00	3.85005E+00	3.85005E+02	2.90847E+01	1.01435E+00
3.820	-9.43488E+00	3.85505E+00	3.85505E+02	2.91794E+01	9.89112E-01
3.825	-9.28875E+00	3.85994E+00	3.85994E+02	2.92719E+01	9.64820E-01
3.830	-9.14216E+00	3.86470E+00	3.86470E+02	2.93623E+01	9.40165E-01
3.835	-8.99513E+00	3.86934E+00	3.86934E+02	2.94505E+01	9.16422E-01
3.840	-8.84766E+00	3.87387E+00	3.87387E+02	2.95366E+01	8.92283E-01
3.845	-8.69977E+00	3.87827E+00	3.87827E+02	2.96207E+01	8.69025E-01
3.850	-8.55146E+00	3.88255E+00	3.88255E+02	2.97026E+01	8.45341E-01
3.855	-8.40275E+00	3.88672E+00	3.88672E+02	2.97824E+01	8.22511E-01
3.860	-8.25364E+00	3.89078E+00	3.89078E+02	2.98601E+01	7.99230E-01
3.865	-8.10415E+00	3.89472E+00	3.89472E+02	2.99357E+01	7.76779E-01
3.870	-7.95429E+00	3.89854E+00	3.89854E+02	3.00093E+01	7.53856E-01
3.875	-7.80407E+00	3.90226E+00	3.90226E+02	3.00809E+01	7.31743E-01
3.880	-7.65349E+00	3.90586E+00	3.90586E+02	3.01503E+01	7.09138E-01
3.885	-7.50257E+00	3.90935E+00	3.90935E+02	3.02177E+01	6.87326E-01
3.890	-7.35132E+00	3.91273E+00	3.91273E+02	3.02831E+01	6.65005E-01
3.895	-7.19974E+00	3.91600E+00	3.91600E+02	3.03464E+01	6.43461E-01
3.900	-7.04786E+00	3.91917E+00	3.91917E+02	3.04077E+01	6.21396E-01
3.905	-6.89567E+00	3.92222E+00	3.92222E+02	3.04670E+01	6.00093E-01
3.910	-6.74319E+00	3.92517E+00	3.92517E+02	3.05243E+01	5.78255E-01
3.915	-6.59043E+00	3.92800E+00	3.92800E+02	3.05795E+01	5.57169E-01
3.920	-6.43740E+00	3.93074E+00	3.93074E+02	3.06327E+01	5.35538E-01
3.925	-6.28411E+00	3.93336E+00	3.93336E+02	3.06838E+01	5.14647E-01
3.930	-6.13057E+00	3.93588E+00	3.93588E+02	3.07330E+01	4.93201E-01
3.935	-5.97678E+00	3.93830E+00	3.93830E+02	3.07802E+01	4.72487E-01
3.940	-5.82277E+00	3.94060E+00	3.94060E+02	3.08253E+01	4.51208E-01
3.945	-5.66854E+00	3.94281E+00	3.94281E+02	3.08684E+01	4.30654E-01
3.950	-5.51409E+00	3.94491E+00	3.94491E+02	3.09096E+01	4.09528E-01
3.955	-5.35945E+00	3.94691E+00	3.94691E+02	3.09487E+01	3.89119E-01
3.960	-5.20461E+00	3.94880E+00	3.94880E+02	3.09858E+01	3.68131E-01
3.965	-5.04959E+00	3.95059E+00	3.95059E+02	3.10209E+01	3.47854E-01
3.970	-4.89441E+00	3.95228E+00	3.95228E+02	3.10541E+01	3.26992E-01
3.975	-4.73906E+00	3.95386E+00	3.95386E+02	3.10852E+01	3.06835E-01
3.980	-4.58356E+00	3.95534E+00	3.95534E+02	3.11143E+01	2.86088E-01
3.985	-4.42792E+00	3.95672E+00	3.95672E+02	3.11415E+01	2.66040E-01
3.990	-4.27215E+00	3.95800E+00	3.95800E+02	3.11667E+01	2.45398E-01
3.995	-4.11626E+00	3.95918E+00	3.95918E+02	3.11898E+01	2.25450E-01
4.000	-3.96026E+00	3.96026E+00	3.96026E+02	3.12110E+01	2.04902E-01
