0.000	0.00000E+00	0.00000E+00	0.00000E+00	0.00000E+00	0.00000E+00
0.005	4.69264E-04	1.56609E-01	1.56609E+01	1.87706E-01	3.12276E+01
0.010	1.89524E-03	3.12251E-01	3.12251E+01	3.82684E-01	3.10294E+01
0.015	4.34502E-03	4.66850E-01	4.66850E+01	5.97230E-01	3.08103E+01
0.020	7.98633E-03	6.20229E-01	6.20229E+01	8.59291E-01	3.05411E+01
0.025	1.32526E-02	7.71944E-01	7.71944E+01	1.24721E+00	3.01448E+01
0.030	2.07037E-02	9.21425E-01	9.21425E+01	1.73323E+00	2.96478E+01
0.035	3.08405E-02	1.06816E+00	1.06816E+02	2.32149E+00	2.90473E+01
0.040	4.42369E-02	1.21157E+00	1.21157E+02	3.03708E+00	2.83169E+01
0.045	6.16002E-02	1.35094E+00	1.35094E+02	3.90827E+00	2.74295E+01
0.050	8.37612E-02	1.48542E+00	1.48542E+02	4.95613E+00	2.63630E+01
0.055	1.11601E-01	1.61413E+00	1.61413E+02	6.17983E+00	2.51193E+01
0.060	1.45921E-01	1.73625E+00	1.73625E+02	7.54815E+00	2.37283E+01
0.065	1.87309E-01	1.85118E+00	1.85118E+02	9.00683E+00	2.22458E+01
0.070	2.36067E-01	1.95862E+00	1.95862E+02	1.04966E+01	2.07296E+01
0.075	2.92230E-01	2.05852E+00	2.05852E+02	1.19684E+01	1.92301E+01
0.080	3.55622E-01	2.15104E+00	2.15104E+02	1.33887E+01	1.77795E+01
0.085	4.25939E-01	2.23649E+00	2.23649E+02	1.47380E+01	1.63986E+01
0.090	5.02801E-01	2.31522E+00	2.31522E+02	1.60069E+01	1.50956E+01
0.095	5.85799E-01	2.38765E+00	2.38765E+02	1.71922E+01	1.38749E+01
0.100	6.74516E-01	2.45417E+00	2.45417E+02	1.82944E+01	1.27347E+01
0.105	7.68542E-01	2.51519E+00	2.51519E+02	1.93160E+01	1.16739E+01
0.110	8.67483E-01	2.57110E+00	2.57110E+02	2.02606E+01	1.06876E+01
0.115	9.70965E-01	2.62225E+00	2.62225E+02	2.11320E+01	9.77305E+00
0.120	1.07863E+00	2.66899E+00	2.66899E+02	2.19346E+01	8.92486E+00
0.125	1.19015E+00	2.71166E+00	2.71166E+02	2.26725E+01	8.14009E+00
0.130	1.30521E+00	2.75054E+00	2.75054E+02	2.33498E+01	7.41336E+00
0.135	1.42351E+00	2.78593E+00	2.78593E+02	2.39705E+01	6.74202E+00
0.140	1.54478E+00	2.81809E+00	2.81809E+02	2.45383E+01	6.12098E+00
0.145	1.66877E+00	2.84726E+00	2.84726E+02	2.50569E+01	5.54795E+00
0.150	1.79523E+00	2.87367E+00	2.87367E+02	2.55297E+01	5.01824E+00
0.155	1.92396E+00	2.89754E+00	2.89754E+02	2.59598E+01	4.52992E+00
0.160	2.05473E+00	2.91907E+00	2.91907E+02	2.63502E+01	4.07869E+00
0.165	2.18737E+00	2.93842E+00	2.93842E+02	2.67040E+01	3.66300E+00
0.170	2.32169E+00	2.95578E+00	2.95578E+02	2.70235E+01	3.27892E+00
0.175	2.45752E+00	2.97129E+00	2.97129E+02	2.73115E+01	2.92525E+00
0.180	2.59473E+00	2.98510E+00	2.98510E+02	2.75701E+01	2.59838E+00
0.185	2.73316E+00	2.99733E+00	2.99733E+02	2.78016E+01	2.29747E+00
0.190	2.87268E+00	3.00813E+00	3.00813E+02	2.80079E+01	2.01921E+00
0.195	3.01318E+00	3.01758E+00	3.01758E+02	2.81909E+01	1.76304E+00
0.200	3.15454E+00	3.02580E+00	3.02580E+02	2.83524E+01	1.52595E+00
0.205	3.29665E+00	3.03289E+00	3.03289E+02	2.84938E+01	1.30764E+00
0.210	3.43943E+00	3.03892E+00	3.03892E+02	2.86168E+01	1.10533E+00
0.215	3.58278E+00	3.04398E+00	3.04398E+02	2.87227E+01	9.18961E-01
0.220	3.72661E+00	3.04814E+00	3.04814E+02	2.88127E+01	7.45978E-01
0.225	3.87087E+00	3.05148E+00	3.05148E+02	2.88879E+01	5.86517E-01
0.230	4.01546E+00	3.05404E+00	3.05404E+02	2.89496E+01	4.38214E-01
0.235	4.16033E+00	3.05589E+00	3.05589E+02	2.89987E+01	3.01380E-01
0.240	4.30542E+00	3.05707E+00	3.05707E+02	2.90360E+01	1.73815E-01
0.245	4.45066E+00	3.05765E+00	3.05765E+02	2.90624E+01	5.59805E-02
0.250	4.59602E+00	3.05765E+00	3.05765E+02	2.90787E+01	-5.41821E-02
0.255	4.74143E+00	3.05713E+00	3.05713E+02	2.90856E+01	-1.56083E-01
0.260	4.88685E+00	3.05611E+00	3.05611E+02	2.90838E+01	-2.51661E-01
0.265	5.03224E+00	3.05463E+00	3.05463E+02	2.90738E+01	-3.40215E-01
0.270	5.17757E+00	3.05272E+00	3.05272E+02	2.90561E+01	-4.23581E-01
0.275	5.32279E+00	3.05041E+00	3.05041E+02	2.90314E+01	-5.00966E-01
0.280	5.46787E+00	3.04772E+00	3.04772E+02	2.90001E+01	-5.74118E-01
0.285	5.61277E+00	3.04468E+00	3.04468E+02	2.89625E+01	-6.42163E-01
0.290	5.75748E+00	3.04131E+00	3.04131E+02	2.89191E+01	-7.06779E-01
0.295	5.90195E+00	3.03762E+00	3.03762E+02	2.88703E+01	-7.67023E-01
0.300	6.04617E+00	3.03364E+00	3.03364E+02	2.88163E+01	-8.24510E-01
0.305	6.19010E+00	3.02939E+00	3.02939E+02	2.87575E+01	-8.78243E-01
0.310	6.33373E+00	3.02487E+00	3.02487E+02	2.86941E+01	-9.29782E-01
0.315	6.47703E+00	3.02010E+00	3.02010E+02	2.86264E+01	-9.78084E-01
0.320	6.61998E+00	3.01509E+00	3.01509E+02	2.85546E+01	-1.02466E+00
0.325	6.76257E+00	3.00986E+00	3.00986E+02	2.84790E+01	-1.06844E+00
0.330	6.90476E+00	3.00441E+00	3.00441E+02	2.83997E+01	-1.11089E+00
0.335	7.04656E+00	2.99875E+00	2.99875E+02	2.83170E+01	-1.15090E+00
0.340	7.18793E+00	2.99290E+00	2.99290E+02	2.82309E+01	-1.18991E+00
0.345	7.32886E+00	2.98686E+00	2.98686E+02	2.81417E+01	-1.22678E+00
0.350	7.46934E+00	2.98064E+00	2.98064E+02	2.80494E+01	-1.26294E+00
0.355	7.60934E+00	2.97424E+00	2.97424E+02	2.79542E+01	-1.29721E+00
0.360	7.74887E+00	2.96767E+00	2.96767E+02	2.78563E+01	-1.33099E+00
0.365	7.88790E+00	2.96093E+00	2.96093E+02	2.77557E+01	-1.36310E+00
0.370	8.02642E+00	2.95404E+00	2.95404E+02	2.76525E+01	-1.39491E+00
0.375	8.16442E+00	2.94698E+00	2.94698E+02	2.75469E+01	-1.42522E+00
0.380	8.30188E+00	2.93978E+00	2.93978E+02	2.74389E+01	-1.45541E+00
0.385	8.43880E+00	2.93243E+00	2.93243E+02	2.73285E+01	-1.48424E+00
0.390	8.57516E+00	2.92494E+00	2.92494E+02	2.72160E+01	-1.51307E+00
0.395	8.71096E+00	2.91731E+00	2.91731E+02	2.71012E+01	-1.54068E+00
0.400	8.84617E+00	2.90953E+00	2.90953E+02	2.69844E+01	-1.56840E+00
0.405	8.98080E+00	2.90163E+00	2.90163E+02	2.68655E+01	-1.59500E+00
0.410	9.11482E+00	2.89358E+00	2.89358E+02	2.67446E+01	-1.62181E+00
0.415	9.24824E+00	2.88541E+00	2.88541E+02	2.66218E+01	-1.64758E+00
0.420	9.38103E+00	2.87711E+00	2.87711E+02	2.64971E+01	-1.67364E+00
0.425	9.51320E+00	2.86868E+00	2.86868E+02	2.63705E+01	-1.69873E+00
0.430	9.64473E+00	2.86012E+00	2.86012E+02	2.62421E+01	-1.72418E+00
0.435	9.77562E+00	2.85144E+00	2.85144E+02	2.61119E+01	-1.74872E+00
0.440	9.90585E+00	2.84263E+00	2.84263E+02	2.59800E+01	-1.77367E+00
0.445	1.00354E+01	2.83370E+00	2.83370E+02	2.58464E+01	-1.79776E+00
0.450	1.01643E+01	2.82465E+00	2.82465E+02	2.57111E+01	-1.82231E+00
0.455	1.02925E+01	2.81548E+00	2.81548E+02	2.55742E+01	-1.84604E+00
0.460	1.04200E+01	2.80619E+00	2.80619E+02	2.54357E+01	-1.87027E+00
0.465	1.05469E+01	2.79678E+00	2.79678E+02	2.52955E+01	-1.89372E+00
0.470	1.06730E+01	2.78725E+00	2.78725E+02	2.51538E+01	-1.91769E+00
0.475	1.07984E+01	2.77760E+00	2.77760E+02	2.50106E+01	-1.94092E+00
0.480	1.09231E+01	2.76784E+00	2.76784E+02	2.48659E+01	-1.96470E+00
0.485	1.10471E+01	2.75796E+00	2.75796E+02	2.47196E+01	-1.98775E+00
0.490	1.11703E+01	2.74796E+00	2.74796E+02	2.45719E+01	-2.01138E+00
0.495	1.12928E+01	2.73785E+00	2.73785E+02	2.44228E+01	-2.03431E+00
0.500	1.14145E+01	2.72762E+00	2.72762E+02	2.42722E+01	-2.05783E+00
0.505	1.15355E+01	2.71727E+00	2.71727E+02	2.41202E+01	-2.08067E+00
0.510	1.16557E+01	2.70681E+00	2.70681E+02	2.39668E+01	-2.10411E+00
0.515	1.17752E+01	2.69623E+00	2.69623E+02	2.38120E+01	-2.12689E+00
0.520	1.18938E+01	2.68554E+00	2.68554E+02	2.36559E+01	-2.15030E+00
0.525	1.20117E+01	2.67473E+00	2.67473E+02	2.34985E+01	-2.17304E+00
0.530	1.21288E+01	2.66381E+00	2.66381E+02	2.33397E+01	-2.19643E+00
0.535	1.22451E+01	2.65277E+00	2.65277E+02	2.31796E+01	-2.21917E+00
0.540	1.23606E+01	2.64161E+00	2.64161E+02	2.30182E+01	-2.24255E+00
0.545	1.24753E+01	2.63034E+00	2.63034E+02	2.28556E+01	-2.26530E+00
0.550	1.25892E+01	2.61896E+00	2.61896E+02	2.26917E+01	-2.28871E+00
0.555	1.27022E+01	2.60746E+00	2.60746E+02	2.25265E+01	-2.31149E+00
0.560	1.28144E+01	2.59584E+00	2.59584E+02	2.23601E+01	-2.33494E+00
0.565	1.29258E+01	2.58411E+00	2.58411E+02	2.21926E+01	-2.35776E+00
0.570	1.30363E+01	2.57226E+00	2.57226E+02	2.20238E+01	-2.38126E+00
0.575	1.31460E+01	2.56030E+00	2.56030E+02	2.18538E+01	-2.40415E+00
0.580	1.32549E+01	2.54822E+00	2.54822E+02	2.16827E+01	-2.42772E+00
0.585	1.33629E+01	2.53602E+00	2.53602E+02	2.15104E+01	-2.45068E+00
0.590	1.34700E+01	2.52371E+00	2.52371E+02	2.13370E+01	-2.47432E+00
0.595	1.35762E+01	2.51128E+00	2.51128E+02	2.11625E+01	-2.49737E+00
0.600	1.36816E+01	2.49874E+00	2.49874E+02	2.09869E+01	-2.52111E+00
0.605	1.37861E+01	2.48607E+00	2.48607E+02	2.08101E+01	-2.54425E+00
0.610	1.38897E+01	2.47329E+00	2.47329E+02	2.06323E+01	-2.56809E+00
0.615	1.39924E+01	2.46039E+00	2.46039E+02	2.04535E+01	-2.59134E+00
0.620	1.40942E+01	2.44738E+00	2.44738E+02	2.02736E+01	-2.61529E+00
0.625	1.41952E+01	2.43424E+00	2.43424E+02	2.00927E+01	-2.63867E+00
0.630	1.42952E+01	2.42099E+00	2.42099E+02	1.99107E+01	-2.66275E+00
0.635	1.43943E+01	2.40762E+00	2.40762E+02	1.97278E+01	-2.68625E+00
0.640	1.44924E+01	2.39412E+00	2.39412E+02	1.95439E+01	-2.71046E+00
0.645	1.45897E+01	2.38051E+00	2.38051E+02	1.93590E+01	-2.73411E+00
0.650	1.46860E+01	2.36678E+00	2.36678E+02	1.91732E+01	-2.75847E+00
0.655	1.47814E+01	2.35293E+00	2.35293E+02	1.89864E+01	-2.78227E+00
0.660	1.48759E+01	2.33896E+00	2.33896E+02	1.87987E+01	-2.80679E+00
0.665	1.49694E+01	2.32486E+00	2.32486E+02	1.86101E+01	-2.83075E+00
0.670	1.50620E+01	2.31065E+00	2.31065E+02	1.84207E+01	-2.85545E+00
0.675	1.51536E+01	2.29631E+00	2.29631E+02	1.82303E+01	-2.87959E+00
0.680	1.52443E+01	2.28185E+00	2.28185E+02	1.80391E+01	-2.90446E+00
0.685	1.53340E+01	2.26727E+00	2.26727E+02	1.78471E+01	-2.92879E+00
0.690	1.54228E+01	2.25256E+00	2.25256E+02	1.76542E+01	-2.95387E+00
0.695	1.55105E+01	2.23773E+00	2.23773E+02	1.74606E+01	-2.97840E+00
0.700	1.55974E+01	2.22277E+00	2.22277E+02	1.72661E+01	-3.00369E+00
0.705	1.56832E+01	2.20769E+00	2.20769E+02	1.70709E+01	-3.02844E+00
0.710	1.57681E+01	2.19249E+00	2.19249E+02	1.68750E+01	-3.05395E+00
0.715	1.58519E+01	2.17715E+00	2.17715E+02	1.66783E+01	-3.07893E+00
0.720	1.59348E+01	2.16170E+00	2.16170E+02	1.64808E+01	-3.10468E+00
0.725	1.60168E+01	2.14611E+00	2.14611E+02	1.62827E+01	-3.12992E+00
0.730	1.60977E+01	2.13039E+00	2.13039E+02	1.60839E+01	-3.15593E+00
0.735	1.61776E+01	2.11455E+00	2.11455E+02	1.58845E+01	-3.18143E+00
0.740	1.62565E+01	2.09858E+00	2.09858E+02	1.56844E+01	-3.20771E+00
0.745	1.63344E+01	2.08248E+00	2.08248E+02	1.54837E+01	-3.23350E+00
0.750	1.64113E+01	2.06624E+00	2.06624E+02	1.52823E+01	-3.26008E+00
0.755	1.64873E+01	2.04988E+00	2.04988E+02	1.50804E+01	-3.28617E+00
0.760	1.65622E+01	2.03338E+00	2.03338E+02	1.48779E+01	-3.31307E+00
0.765	1.66360E+01	2.01675E+00	2.01675E+02	1.46749E+01	-3.33949E+00
0.770	1.67089E+01	1.99998E+00	1.99998E+02	1.44714E+01	-3.36672E+00
0.775	1.67807E+01	1.98308E+00	1.98308E+02	1.42673E+01	-3.39349E+00
0.780	1.68516E+01	1.96604E+00	1.96604E+02	1.40627E+01	-3.42109E+00
0.785	1.69214E+01	1.94887E+00	1.94887E+02	1.38577E+01	-3.44823E+00
0.790	1.69901E+01	1.93156E+00	1.93156E+02	1.36523E+01	-3.47622E+00
0.795	1.70579E+01	1.91411E+00	1.91411E+02	1.34464E+01	-3.50376E+00
0.800	1.71246E+01	1.89652E+00	1.89652E+02	1.32401E+01	-3.53217E+00
0.805	1.71903E+01	1.87879E+00	1.87879E+02	1.30334E+01	-3.56014E+00
0.810	1.72549E+01	1.86092E+00	1.86092E+02	1.28264E+01	-3.58899E+00
0.815	1.73186E+01	1.84290E+00	1.84290E+02	1.26191E+01	-3.61743E+00
0.820	1.73811E+01	1.82474E+00	1.82474E+02	1.24114E+01	-3.64676E+00
0.825	1.74427E+01	1.80643E+00	1.80643E+02	1.22035E+01	-3.67570E+00
0.830	1.75032E+01	1.78798E+00	1.78798E+02	1.19952E+01	-3.70554E+00
0.835	1.75626E+01	1.76938E+00	1.76938E+02	1.17868E+01	-3.73501E+00
0.840	1.76210E+01	1.75063E+00	1.75063E+02	1.15781E+01	-3.76541E+00
0.845	1.76784E+01	1.73173E+00	1.73173E+02	1.13693E+01	-3.79546E+00
0.850	1.77347E+01	1.71267E+00	1.71267E+02	1.11602E+01	-3.82645E+00
0.855	1.77900E+01	1.69346E+00	1.69346E+02	1.09511E+01	-3.85711E+00
0.860	1.78442E+01	1.67410E+00	1.67410E+02	1.07418E+01	-3.88875E+00
0.865	1.78974E+01	1.65458E+00	1.65458E+02	1.05324E+01	-3.92008E+00
0.870	1.79496E+01	1.63489E+00	1.63489E+02	1.03230E+01	-3.95241E+00
0.875	1.80007E+01	1.61505E+00	1.61505E+02	1.01136E+01	-3.98445E+00
0.880	1.80507E+01	1.59505E+00	1.59505E+02	9.90416E+00	-4.01753E+00
0.885	1.80997E+01	1.57488E+00	1.57488E+02	9.69475E+00	-4.05035E+00
0.890	1.81476E+01	1.55454E+00	1.55454E+02	9.48541E+00	-4.08424E+00
0.895	1.81945E+01	1.53404E+00	1.53404E+02	9.27617E+00	-4.11790E+00
0.900	1.82404E+01	1.51336E+00	1.51336E+02	9.06705E+00	-4.15265E+00
0.905	1.82852E+01	1.49251E+00	1.49251E+02	8.85809E+00	-4.18722E+00
0.910	1.83290E+01	1.47148E+00	1.47148E+02	8.64933E+00	-4.22292E+00
0.915	1.83717E+01	1.45028E+00	1.45028E+02	8.44079E+00	-4.25848E+00
0.920	1.84134E+01	1.42890E+00	1.42890E+02	8.23252E+00	-4.29520E+00
0.925	1.84540E+01	1.40733E+00	1.40733E+02	8.02455E+00	-4.33183E+00
0.930	1.84936E+01	1.38557E+00	1.38557E+02	7.81692E+00	-4.36966E+00
0.935	1.85322E+01	1.36363E+00	1.36363E+02	7.60968E+00	-4.40745E+00
0.940	1.85697E+01	1.34150E+00	1.34150E+02	7.40285E+00	-4.44649E+00
0.945	1.86062E+01	1.31917E+00	1.31917E+02	7.19648E+00	-4.48554E+00
0.950	1.86417E+01	1.29664E+00	1.29664E+02	6.99063E+00	-4.52591E+00
0.955	1.86761E+01	1.27391E+00	1.27391E+02	6.78532E+00	-4.56633E+00
0.960	1.87096E+01	1.25097E+00	1.25097E+02	6.58061E+00	-4.60814E+00
0.965	1.87420E+01	1.22783E+00	1.22783E+02	6.37655E+00	-4.65007E+00
0.970	1.87733E+01	1.20447E+00	1.20447E+02	6.17319E+00	-4.69345E+00
0.975	1.88037E+01	1.18089E+00	1.18089E+02	5.97058E+00	-4.73703E+00
0.980	1.88330E+01	1.15709E+00	1.15709E+02	5.76878E+00	-4.78214E+00
0.985	1.88614E+01	1.13307E+00	1.13307E+02	5.56784E+00	-4.82753E+00
0.990	1.88887E+01	1.10881E+00	1.10881E+02	5.36783E+00	-4.87453E+00
0.995	1.89151E+01	1.08432E+00	1.08432E+02	5.16881E+00	-4.92191E+00
1.000	1.89404E+01	1.05959E+00	1.05959E+02	4.97084E+00	-4.97100E+00
1.005	1.89648E+01	1.03461E+00	1.03461E+02	4.77400E+00	-5.02057E+00
1.010	1.89882E+01	1.00938E+00	1.00938E+02	4.57835E+00	-5.07197E+00
1.015	1.90106E+01	9.83890E-01	9.83890E+01	4.38398E+00	-5.12397E+00
1.020	1.90320E+01	9.58136E-01	9.58136E+01	4.19097E+00	-5.17793E+00
1.025	1.90525E+01	9.32109E-01	9.32109E+01	3.99940E+00	-5.23263E+00
1.030	1.90720E+01	9.05804E-01	9.05804E+01	3.80936E+00	-5.28942E+00
1.035	1.90906E+01	8.79213E-01	8.79213E+01	3.62096E+00	-5.34712E+00
1.040	1.91082E+01	8.52327E-01	8.52327E+01	3.43429E+00	-5.40709E+00
1.045	1.91249E+01	8.25139E-01	8.25139E+01	3.24948E+00	-5.46814E+00
1.050	1.91407E+01	7.97640E-01	7.97640E+01	3.06662E+00	-5.53166E+00
1.055	1.91556E+01	7.69819E-01	7.69819E+01	2.88586E+00	-5.59648E+00
1.060	1.91696E+01	7.41668E-01	7.41668E+01	2.70732E+00	-5.66400E+00
1.065	1.91827E+01	7.13176E-01	7.13176E+01	2.53116E+00	-5.73306E+00
1.070	1.91949E+01	6.84330E-01	6.84330E+01	2.35753E+00	-5.80511E+00
1.075	1.92062E+01	6.55120E-01	6.55120E+01	2.18660E+00	-5.87900E+00
1.080	1.92168E+01	6.25532E-01	6.25532E+01	2.01856E+00	-5.95620E+00
1.085	1.92264E+01	5.95552E-01	5.95552E+01	1.85361E+00	-6.03560E+00
1.090	1.92353E+01	5.65167E-01	5.65167E+01	1.69198E+00	-6.11870E+00
1.095	1.92434E+01	5.34359E-01	5.34359E+01	1.53390E+00	-6.20445E+00
1.100	1.92507E+01	5.03112E-01	5.03112E+01	1.37965E+00	-6.29437E+00
1.105	1.92572E+01	4.71407E-01	4.71407E+01	1.22953E+00	-6.38748E+00
1.110	1.92630E+01	4.39225E-01	4.39225E+01	1.08387E+00	-6.48537E+00
1.115	1.92680E+01	4.06538E-01	4.06538E+01	9.45474E-01	-6.58955E+00
1.120	1.92725E+01	3.73274E-01	3.73274E+01	8.28775E-01	-6.71572E+00
1.125	1.92764E+01	3.39348E-01	3.39348E+01	7.25965E-01	-6.85478E+00
1.130	1.92798E+01	3.04706E-01	3.04706E+01	6.31194E-01	-7.00214E+00
1.135	1.92827E+01	2.69317E-01	2.69317E+01	5.41506E-01	-7.15354E+00
1.140	1.92852E+01	2.33161E-01	2.33161E+01	4.55153E-01	-7.30852E+00
1.145	1.92872E+01	1.96229E-01	1.96229E+01	3.71005E-01	-7.46464E+00
1.150	1.92889E+01	1.58511E-01	1.58511E+01	2.88350E-01	-7.62245E+00
1.155	1.92901E+01	1.20004E-01	1.20004E+01	2.06962E-01	-7.78044E+00
1.160	1.92910E+01	8.07003E-02	8.07003E+00	1.27880E-01	-7.94091E+00
1.165	1.92914E+01	4.05790E-02	4.05790E+00	5.61446E-02	-8.10759E+00
1.170	1.92916E+01	-4.13784E-04	-4.13784E-02	-4.91941E-04	-8.28953E+00
1.175	1.92914E+01	-4.23432E-02	-4.23432E+00	-4.52064E-02	-8.48223E+00
1.180	1.92911E+01	-8.52481E-02	-8.52481E+00	-8.52449E-02	-8.67973E+00
1.185	1.92906E+01	-1.29141E-01	-1.29141E+01	-1.24037E-01	-8.87728E+00
1.190	1.92899E+01	-1.74021E-01	-1.74021E+01	-1.62895E-01	-9.07486E+00
1.195	1.92890E+01	-2.19885E-01	-2.19885E+01	-2.02377E-01	-9.27060E+00
1.200	1.92879E+01	-2.66725E-01	-2.66725E+01	-2.42773E-01	-9.46549E+00
1.205	1.92865E+01	-3.14534E-01	-3.14534E+01	-2.84275E-01	-9.65803E+00
1.210	1.92850E+01	-3.63302E-01	-3.63302E+01	-3.27044E-01	-9.84934E+00
1.215	1.92833E+01	-4.13020E-01	-4.13020E+01	-3.71237E-01	-1.00379E+01
1.220	1.92813E+01	-4.63678E-01	-4.63678E+01	-4.17028E-01	-1.02250E+01
1.225	1.92791E+01	-5.15262E-01	-5.15262E+01	-4.64620E-01	-1.04089E+01
1.230	1.92766E+01	-5.67761E-01	-5.67761E+01	-5.14261E-01	-1.05907E+01
1.235	1.92739E+01	-6.21160E-01	-6.21160E+01	-5.66261E-01	-1.07688E+01
1.240	1.92710E+01	-6.75442E-01	-6.75442E+01	-6.21023E-01	-1.09442E+01
1.245	1.92677E+01	-7.30590E-01	-7.30590E+01	-6.79088E-01	-1.11148E+01
1.250	1.92642E+01	-7.86580E-01	-7.86580E+01	-7.41209E-01	-1.12814E+01
1.255	1.92603E+01	-8.43387E-01	-8.43387E+01	-8.08493E-01	-1.14413E+01
1.260	1.92561E+01	-9.00976E-01	-9.00976E+01	-8.82693E-01	-1.15943E+01
1.265	1.92514E+01	-9.59302E-01	-9.59302E+01	-9.66898E-01	-1.17358E+01
1.270	1.92464E+01	-1.01830E+00	-1.01830E+02	-1.06387E+00	-1.18645E+01
1.275	1.92408E+01	-1.07793E+00	-1.07793E+02	-1.16661E+00	-1.19859E+01
1.280	1.92347E+01	-1.13815E+00	-1.13815E+02	-1.27428E+00	-1.21022E+01
1.285	1.92280E+01	-1.19893E+00	-1.19893E+02	-1.38689E+00	-1.22121E+01
1.290	1.92208E+01	-1.26026E+00	-1.26026E+02	-1.50440E+00	-1.23169E+01
1.295	1.92130E+01	-1.32209E+00	-1.32209E+02	-1.62681E+00	-1.24153E+01
1.300	1.92045E+01	-1.38440E+00	-1.38440E+02	-1.75409E+00	-1.25087E+01
1.305	1.91954E+01	-1.44716E+00	-1.44716E+02	-1.88621E+00	-1.25956E+01
1.310	1.91857E+01	-1.51034E+00	-1.51034E+02	-2.02313E+00	-1.26776E+01
1.315	1.91752E+01	-1.57392E+00	-1.57392E+02	-2.16481E+00	-1.27532E+01
1.320	1.91640E+01	-1.63786E+00	-1.63786E+02	-2.31120E+00	-1.28238E+01
1.325	1.91521E+01	-1.70214E+00	-1.70214E+02	-2.46226E+00	-1.28881E+01
1.330	1.91394E+01	-1.76673E+00	-1.76673E+02	-2.61793E+00	-1.29476E+01
1.335	1.91259E+01	-1.83160E+00	-1.83160E+02	-2.77814E+00	-1.30009E+01
1.340	1.91116E+01	-1.89673E+00	-1.89673E+02	-2.94283E+00	-1.30494E+01
1.345	1.90964E+01	-1.96208E+00	-1.96208E+02	-3.11193E+00	-1.30919E+01
1.350	1.90804E+01	-2.02763E+00	-2.02763E+02	-3.28536E+00	-1.31297E+01
1.355	1.90636E+01	-2.09336E+00	-2.09336E+02	-3.46305E+00	-1.31615E+01
1.360	1.90458E+01	-2.15924E+00	-2.15924E+02	-3.64491E+00	-1.31888E+01
1.365	1.90271E+01	-2.22524E+00	-2.22524E+02	-3.83085E+00	-1.32104E+01
1.370	1.90075E+01	-2.29133E+00	-2.29133E+02	-4.02079E+00	-1.32275E+01
1.375	1.89869E+01	-2.35750E+00	-2.35750E+02	-4.21463E+00	-1.32391E+01
1.380	1.89653E+01	-2.42371E+00	-2.42371E+02	-4.41227E+00	-1.32463E+01
1.385	1.89428E+01	-2.48995E+00	-2.48995E+02	-4.61362E+00	-1.32482E+01
1.390	1.89192E+01	-2.55618E+00	-2.55618E+02	-4.81857E+00	-1.32460E+01
1.395	1.88946E+01	-2.62239E+00	-2.62239E+02	-5.02701E+00	-1.32386E+01
1.400	1.88689E+01	-2.68856E+00	-2.68856E+02	-5.23885E+00	-1.32272E+01
1.405	1.88422E+01	-2.75465E+00	-2.75465E+02	-5.45396E+00	-1.32108E+01
1.410	1.88144E+01	-2.82066E+00	-2.82066E+02	-5.67224E+00	-1.31908E+01
1.415	1.87854E+01	-2.88655E+00	-2.88655E+02	-5.89357E+00	-1.31659E+01
1.420	1.87554E+01	-2.95231E+00	-2.95231E+02	-6.11783E+00	-1.31375E+01
1.425	1.87243E+01	-3.01791E+00	-3.01791E+02	-6.34492E+00	-1.31044E+01
1.430	1.86920E+01	-3.08334E+00	-3.08334E+02	-6.57472E+00	-1.30681E+01
1.435	1.86585E+01	-3.14858E+00	-3.14858E+02	-6.80709E+00	-1.30274E+01
1.440	1.86239E+01	-3.21361E+00	-3.21361E+02	-7.04194E+00	-1.29836E+01
1.445	1.85881E+01	-3.27841E+00	-3.27841E+02	-7.27913E+00	-1.29356E+01
1.450	1.85511E+01	-3.34296E+00	-3.34296E+02	-7.51854E+00	-1.28847E+01
1.455	1.85129E+01	-3.40725E+00	-3.40725E+02	-7.76006E+00	-1.28299E+01
1.460	1.84735E+01	-3.47125E+00	-3.47125E+02	-8.00357E+00	-1.27724E+01
1.465	1.84328E+01	-3.53496E+00	-3.53496E+02	-8.24894E+00	-1.27112E+01
1.470	1.83910E+01	-3.59836E+00	-3.59836E+02	-8.49605E+00	-1.26475E+01
1.475	1.83479E+01	-3.66143E+00	-3.66143E+02	-8.74479E+00	-1.25803E+01
1.480	1.83035E+01	-3.72415E+00	-3.72415E+02	-8.99504E+00	-1.25109E+01
1.485	1.82579E+01	-3.78653E+00	-3.78653E+02	-9.24667E+00	-1.24382E+01
1.490	1.82111E+01	-3.84853E+00	-3.84853E+02	-9.49958E+00	-1.23634E+01
1.495	1.81629E+01	-3.91015E+00	-3.91015E+02	-9.75363E+00	-1.22856E+01
1.500	1.81135E+01	-3.97138E+00	-3.97138E+02	-1.00087E+01	-1.22060E+01
1.505	1.80628E+01	-4.03221E+00	-4.03221E+02	-1.02647E+01	-1.21234E+01
1.510	1.80109E+01	-4.09261E+00	-4.09261E+02	-1.05216E+01	-1.20393E+01
1.515	1.79576E+01	-4.15259E+00	-4.15259E+02	-1.07791E+01	-1.19525E+01
1.520	1.79031E+01	-4.21213E+00	-4.21213E+02	-1.10372E+01	-1.18643E+01
1.525	1.78472E+01	-4.27123E+00	-4.27123E+02	-1.12958E+01	-1.17736E+01
1.530	1.77901E+01	-4.32987E+00	-4.32987E+02	-1.15548E+01	-1.16817E+01
1.535	1.77317E+01	-4.38804E+00	-4.38804E+02	-1.18141E+01	-1.15874E+01
1.540	1.76720E+01	-4.44574E+00	-4.44574E+02	-1.20735E+01	-1.14922E+01
1.545	1.76110E+01	-4.50296E+00	-4.50296E+02	-1.23330E+01	-1.13949E+01
1.550	1.75486E+01	-4.55969E+00	-4.55969E+02	-1.25924E+01	-1.12967E+01
1.555	1.74850E+01	-4.61592E+00	-4.61592E+02	-1.28517E+01	-1.11966E+01
1.560	1.74201E+01	-4.67165E+00	-4.67165E+02	-1.31108E+01	-1.10958E+01
1.565	1.73539E+01	-4.72687E+00	-4.72687E+02	-1.33696E+01	-1.09933E+01
1.570	1.72864E+01	-4.78158E+00	-4.78158E+02	-1.36280E+01	-1.08902E+01
1.575	1.72176E+01	-4.83577E+00	-4.83577E+02	-1.38859E+01	-1.07856E+01
1.580	1.71476E+01	-4.88944E+00	-4.88944E+02	-1.41432E+01	-1.06806E+01
1.585	1.70762E+01	-4.94257E+00	-4.94257E+02	-1.43998E+01	-1.05741E+01
1.590	1.70036E+01	-4.99518E+00	-4.99518E+02	-1.46557E+01	-1.04674E+01
1.595	1.69297E+01	-5.04724E+00	-5.04724E+02	-1.49107E+01	-1.03594E+01
1.600	1.68545E+01	-5.09877E+00	-5.09877E+02	-1.51649E+01	-1.02514E+01
1.605	1.67780E+01	-5.14975E+00	-5.14975E+02	-1.54181E+01	-1.01422E+01
1.610	1.67003E+01	-5.20019E+00	-5.20019E+02	-1.56702E+01	-1.00330E+01
1.615	1.66213E+01	-5.25008E+00	-5.25008E+02	-1.59212E+01	-9.92280E+00
1.620	1.65411E+01	-5.29942E+00	-5.29942E+02	-1.61710E+01	-9.81281E+00
1.625	1.64596E+01	-5.34821E+00	-5.34821E+02	-1.64195E+01	-9.70182E+00
1.630	1.63769E+01	-5.39644E+00	-5.39644E+02	-1.66668E+01	-9.59120E+00
1.635	1.62929E+01	-5.44412E+00	-5.44412E+02	-1.69126E+01	-9.47969E+00
1.640	1.62078E+01	-5.49124E+00	-5.49124E+02	-1.71570E+01	-9.36865E+00
1.645	1.61214E+01	-5.53780E+00	-5.53780E+02	-1.73999E+01	-9.25682E+00
1.650	1.60338E+01	-5.58381E+00	-5.58381E+02	-1.76412E+01	-9.14556E+00
1.655	1.59450E+01	-5.62926E+00	-5.62926E+02	-1.78809E+01	-9.03360E+00
1.660	1.58550E+01	-5.67415E+00	-5.67415E+02	-1.81190E+01	-8.92230E+00
1.665	1.57638E+01	-5.71848E+00	-5.71848E+02	-1.83554E+01	-8.81039E+00
1.670	1.56714E+01	-5.76225E+00	-5.76225E+02	-1.85899E+01	-8.69922E+00
1.675	1.55779E+01	-5.80547E+00	-5.80547E+02	-1.88227E+01	-8.58751E+00
1.680	1.54832E+01	-5.84813E+00	-5.84813E+02	-1.90537E+01	-8.47662E+00
1.685	1.53874E+01	-5.89023E+00	-5.89023E+02	-1.92827E+01	-8.36526E+00
1.690	1.52904E+01	-5.93178E+00	-5.93178E+02	-1.95098E+01	-8.25478E+00
1.695	1.51923E+01	-5.97278E+00	-5.97278E+02	-1.97350E+01	-8.14391E+00
1.700	1.50932E+01	-6.01340E+00	-6.00067E+02	-1.98888E+01	-8.10326E+00
1.705	1.49937E+01	-6.05416E+00	-6.00271E+02	-1.99004E+01	-8.20257E+00
1.710	1.48942E+01	-6.09542E+00	-6.00477E+02	-1.99120E+01	-8.30065E+00
1.715	1.47946E+01	-6.13716E+00	-6.00686E+02	-1.99238E+01	-8.39621E+00
1.720	1.46950E+01	-6.17938E+00	-6.00897E+02	-1.99358E+01	-8.49052E+00
1.725	1.45953E+01	-6.22206E+00	-6.01110E+02	-1.99478E+01	-8.58230E+00
1.730	1.44955E+01	-6.26520E+00	-6.01326E+02	-1.99601E+01	-8.67283E+00
1.735	1.43957E+01	-6.30878E+00	-6.01544E+02	-1.99724E+01	-8.76082E+00
1.740	1.42958E+01	-6.35280E+00	-6.01764E+02	-1.99849E+01	-8.84756E+00
1.745	1.41958E+01	-6.39725E+00	-6.01986E+02	-1.99975E+01	-8.93174E+00
1.750	1.40958E+01	-6.44212E+00	-6.02211E+02	-2.00102E+01	-9.01466E+00
1.755	1.39957E+01	-6.48739E+00	-6.02437E+02	-2.00230E+01	-9.09503E+00
1.760	1.38956E+01	-6.53307E+00	-6.02665E+02	-2.00360E+01	-9.17412E+00
1.765	1.37953E+01	-6.57913E+00	-6.02896E+02	-2.00491E+01	-9.25065E+00
1.770	1.36951E+01	-6.62557E+00	-6.03128E+02	-2.00622E+01	-9.32591E+00
1.775	1.35947E+01	-6.67238E+00	-6.03362E+02	-2.00755E+01	-9.39859E+00
1.780	1.34943E+01	-6.71955E+00	-6.03598E+02	-2.00890E+01	-9.47000E+00
1.785	1.33938E+01	-6.76707E+00	-6.03835E+02	-2.01025E+01	-9.53883E+00
1.790	1.32933E+01	-6.81494E+00	-6.04075E+02	-2.01161E+01	-9.60637E+00
1.795	1.31927E+01	-6.86313E+00	-6.04316E+02	-2.01298E+01	-9.67133E+00
1.800	1.30920E+01	-6.91165E+00	-6.04558E+02	-2.01436E+01	-9.73500E+00
1.805	1.29912E+01	-6.96048E+00	-6.04802E+02	-2.01576E+01	-9.79609E+00
1.810	1.28904E+01	-7.00960E+00	-6.05048E+02	-2.01716E+01	-9.85588E+00
1.815	1.27895E+01	-7.05903E+00	-6.05295E+02	-2.01857E+01	-9.91308E+00
1.820	1.26886E+01	-7.10873E+00	-6.05544E+02	-2.01999E+01	-9.96897E+00
1.825	1.25875E+01	-7.15871E+00	-6.05794E+02	-2.02141E+01	-1.00223E+01
1.830	1.24864E+01	-7.20895E+00	-6.06045E+02	-2.02285E+01	-1.00743E+01
1.835	1.23852E+01	-7.25945E+00	-6.06297E+02	-2.02429E+01	-1.01237E+01
1.840	1.22840E+01	-7.31019E+00	-6.06551E+02	-2.02575E+01	-1.01718E+01
1.845	1.21827E+01	-7.36116E+00	-6.06806E+02	-2.02721E+01	-1.02173E+01
1.850	1.20813E+01	-7.41236E+00	-6.07062E+02	-2.02868E+01	-1.02615E+01
1.855	1.19798E+01	-7.46377E+00	-6.07319E+02	-2.03015E+01	-1.03031E+01
1.860	1.18782E+01	-7.51538E+00	-6.07577E+02	-2.03163E+01	-1.03433E+01
1.865	1.17766E+01	-7.56719E+00	-6.07836E+02	-2.03312E+01	-1.03810E+01
1.870	1.16749E+01	-7.61919E+00	-6.08096E+02	-2.03462E+01	-1.04174E+01
1.875	1.15732E+01	-7.67136E+00	-6.08357E+02	-2.03612E+01	-1.04511E+01
1.880	1.14713E+01	-7.72370E+00	-6.08618E+02	-2.03762E+01	-1.04835E+01
1.885	1.13694E+01	-7.77619E+00	-6.08881E+02	-2.03914E+01	-1.05134E+01
1.890	1.12674E+01	-7.82883E+00	-6.09144E+02	-2.04066E+01	-1.05419E+01
1.895	1.11653E+01	-7.88160E+00	-6.09408E+02	-2.04218E+01	-1.05678E+01
1.900	1.10632E+01	-7.93450E+00	-6.09673E+02	-2.04371E+01	-1.05924E+01
1.905	1.09610E+01	-7.98752E+00	-6.09938E+02	-2.04524E+01	-1.06144E+01
1.910	1.08587E+01	-8.04064E+00	-6.10203E+02	-2.04678E+01	-1.06350E+01
1.915	1.07563E+01	-8.09386E+00	-6.10469E+02	-2.04832E+01	-1.06531E+01
1.920	1.06538E+01	-8.14717E+00	-6.10736E+02	-2.04987E+01	-1.06698E+01
1.925	1.05513E+01	-8.20055E+00	-6.11003E+02	-2.05142E+01	-1.06840E+01
1.930	1.04487E+01	-8.25401E+00	-6.11270E+02	-2.05297E+01	-1.06968E+01
1.935	1.03460E+01	-8.30752E+00	-6.11538E+02	-2.05453E+01	-1.07070E+01
1.940	1.02432E+01	-8.36107E+00	-6.11805E+02	-2.05609E+01	-1.07159E+01
1.945	1.01404E+01	-8.41467E+00	-6.12073E+02	-2.05766E+01	-1.07222E+01
1.950	1.00375E+01	-8.46829E+00	-6.12341E+02	-2.05922E+01	-1.07272E+01
1.955	9.93447E+00	-8.52193E+00	-6.12610E+02	-2.06079E+01	-1.07296E+01
1.960	9.83139E+00	-8.57558E+00	-6.12878E+02	-2.06236E+01	-1.07306E+01
1.965	9.72824E+00	-8.62923E+00	-6.13146E+02	-2.06394E+01	-1.07291E+01
1.970	9.62500E+00	-8.68287E+00	-6.13414E+02	-2.06551E+01	-1.07263E+01
1.975	9.52169E+00	-8.73649E+00	-6.13682E+02	-2.06709E+01	-1.07208E+01
1.980	9.41829E+00	-8.79008E+00	-6.13950E+02	-2.06866E+01	-1.07141E+01
1.985	9.31482E+00	-8.84362E+00	-6.14218E+02	-2.07024E+01	-1.07048E+01
1.990	9.21127E+00	-8.89712E+00	-6.14486E+02	-2.07182E+01	-1.06941E+01
1.995	9.10764E+00	-8.95056E+00	-6.14753E+02	-2.07340E+01	-1.06809E+01
2.000	9.00393E+00	-9.00393E+00	-6.15020E+02	-2.07499E+01	-1.06664E+01
2.005	8.90014E+00	-9.05722E+00	-6.15286E+02	-2.07657E+01	-1.06493E+01
2.010	8.79627E+00	-9.11042E+00	-6.15552E+02	-2.07815E+01	-1.06309E+01
2.015	8.69232E+00	-9.16352E+00	-6.15818E+02	-2.07973E+01	-1.06099E+01
2.020	8.58830E+00	-9.21651E+00	-6.16083E+02	-2.08131E+01	-1.05876E+01
2.025	8.48419E+00	-9.26939E+00	-6.16347E+02	-2.08289E+01	-1.05628E+01
2.030	8.38001E+00	-9.32214E+00	-6.16611E+02	-2.08447E+01	-1.05366E+01
2.035	8.27574E+00	-9.37475E+00	-6.16874E+02	-2.08605E+01	-1.05079E+01
2.040	8.17140E+00	-9.42721E+00	-6.17136E+02	-2.08763E+01	-1.04779E+01
2.045	8.06698E+00	-9.47952E+00	-6.17398E+02	-2.08921E+01	-1.04454E+01
2.050	7.96248E+00	-9.53166E+00	-6.17658E+02	-2.09079E+01	-1.04115E+01
2.055	7.85790E+00	-9.58363E+00	-6.17918E+02	-2.09236E+01	-1.03751E+01
2.060	7.75325E+00	-9.63541E+00	-6.18177E+02	-2.09394E+01	-1.03375E+01
2.065	7.64851E+00	-9.68700E+00	-6.18435E+02	-2.09551E+01	-1.02972E+01
2.070	7.54369E+00	-9.73838E+00	-6.18692E+02	-2.09708E+01	-1.02558E+01
2.075	7.43880E+00	-9.78955E+00	-6.18948E+02	-2.09865E+01	-1.02117E+01
2.080	7.33383E+00	-9.84050E+00	-6.19202E+02	-2.10021E+01	-1.01664E+01
2.085	7.22878E+00	-9.89121E+00	-6.19456E+02	-2.10177E+01	-1.01186E+01
2.090	7.12365E+00	-9.94168E+00	-6.19708E+02	-2.10334E+01	-1.00695E+01
2.095	7.01845E+00	-9.99190E+00	-6.19959E+02	-2.10490E+01	-1.00178E+01
2.100	6.91316E+00	-1.00419E+01	-6.20209E+02	-2.10645E+01	-9.96494E+00
2.105	6.80780E+00	-1.00915E+01	-6.20458E+02	-2.10801E+01	-9.90952E+00
2.110	6.70236E+00	-1.01409E+01	-6.20705E+02	-2.10956E+01	-9.85285E+00
2.115	6.59685E+00	-1.01901E+01	-6.20950E+02	-2.11111E+01	-9.79366E+00
2.120	6.49125E+00	-1.02389E+01	-6.21194E+02	-2.11266E+01	-9.73323E+00
2.125	6.38558E+00	-1.02874E+01	-6.21437E+02	-2.11420E+01	-9.67028E+00
2.130	6.27983E+00	-1.03356E+01	-6.21678E+02	-2.11574E+01	-9.60610E+00
2.135	6.17401E+00	-1.03834E+01	-6.21917E+02	-2.11728E+01	-9.53940E+00
2.140	6.06810E+00	-1.04310E+01	-6.22155E+02	-2.11882E+01	-9.47147E+00
2.145	5.96212E+00	-1.04782E+01	-6.22391E+02	-2.12035E+01	-9.40103E+00
2.150	5.85607E+00	-1.05250E+01	-6.22625E+02	-2.12189E+01	-9.32937E+00
2.155	5.74994E+00	-1.05714E+01	-6.22857E+02	-2.12342E+01	-9.25520E+00
2.160	5.64373E+00	-1.06175E+01	-6.23088E+02	-2.12494E+01	-9.17981E+00
2.165	5.53744E+00	-1.06632E+01	-6.23316E+02	-2.12647E+01	-9.10192E+00
2.170	5.43108E+00	-1.07085E+01	-6.23543E+02	-2.12800E+01	-9.02281E+00
2.175	5.32464E+00	-1.07535E+01	-6.23767E+02	-2.12952E+01	-8.94119E+00
2.180	5.21813E+00	-1.07980E+01	-6.23990E+02	-2.13105E+01	-8.85837E+00
2.185	5.11154E+00	-1.08420E+01	-6.24210E+02	-2.13257E+01	-8.77304E+00
2.190	5.00487E+00	-1.08857E+01	-6.24428E+02	-2.13409E+01	-8.68649E+00
2.195	4.89813E+00	-1.09289E+01	-6.24644E+02	-2.13562E+01	-8.59744E+00
2.200	4.79131E+00	-1.09716E+01	-6.24858E+02	-2.13715E+01	-8.50718E+00
2.205	4.68441E+00	-1.10140E+01	-6.25070E+02	-2.13867E+01	-8.41440E+00
2.210	4.57744E+00	-1.10558E+01	-6.25279E+02	-2.14021E+01	-8.32041E+00
2.215	4.47039E+00	-1.10972E+01	-6.25486E+02	-2.14174E+01	-8.22390E+00
2.220	4.36327E+00	-1.11380E+01	-6.25690E+02	-2.14328E+01	-8.12616E+00
2.225	4.25606E+00	-1.11784E+01	-6.25892E+02	-2.14482E+01	-8.02589E+00
2.230	4.14878E+00	-1.12183E+01	-6.26091E+02	-2.14638E+01	-7.92438E+00
2.235	4.04143E+00	-1.12576E+01	-6.26288E+02	-2.14794E+01	-7.82033E+00
2.240	3.93399E+00	-1.12965E+01	-6.26482E+02	-2.14951E+01	-7.71501E+00
2.245	3.82648E+00	-1.13348E+01	-6.26674E+02	-2.15109E+01	-7.60712E+00
2.250	3.71888E+00	-1.13725E+01	-6.26863E+02	-2.15269E+01	-7.49795E+00
2.255	3.61121E+00	-1.14098E+01	-6.27049E+02	-2.15430E+01	-7.38617E+00
2.260	3.50345E+00	-1.14464E+01	-6.27232E+02	-2.15594E+01	-7.27306E+00
2.265	3.39561E+00	-1.14825E+01	-6.27412E+02	-2.15759E+01	-7.15731E+00
2.270	3.28769E+00	-1.15180E+01	-6.27590E+02	-2.15927E+01	-7.04016E+00
2.275	3.17968E+00	-1.15529E+01	-6.27764E+02	-2.16098E+01	-6.92031E+00
2.280	3.07159E+00	-1.15872E+01	-6.27936E+02	-2.16273E+01	-6.79900E+00
2.285	2.96341E+00	-1.16209E+01	-6.28104E+02	-2.16451E+01	-6.67489E+00
2.290	2.85514E+00	-1.16539E+01	-6.28270E+02	-2.16635E+01	-6.54921E+00
2.295	2.74677E+00	-1.16863E+01	-6.28432E+02	-2.16823E+01	-6.42061E+00
2.300	2.63831E+00	-1.17181E+01	-6.28591E+02	-2.17018E+01	-6.29030E+00
2.305	2.52975E+00	-1.17492E+01	-6.28746E+02	-2.17220E+01	-6.15688E+00
2.310	2.42109E+00	-1.17797E+01	-6.28898E+02	-2.17431E+01	-6.02154E+00
2.315	2.31232E+00	-1.18094E+01	-6.29047E+02	-2.17651E+01	-5.88285E+00
2.320	2.20344E+00	-1.18385E+01	-6.29193E+02	-2.17884E+01	-5.74193E+00
2.325	2.09443E+00	-1.18669E+01	-6.29334E+02	-2.18130E+01	-5.59727E+00
2.330	1.98530E+00	-1.18945E+01	-6.29472E+02	-2.18392E+01	-5.44992E+00
2.335	1.87604E+00	-1.19213E+01	-6.29607E+02	-2.18675E+01	-5.29826E+00
2.340	1.76662E+00	-1.19475E+01	-6.29737E+02	-2.18981E+01	-5.14318E+00
2.345	1.65705E+00	-1.19728E+01	-6.29864E+02	-2.19317E+01	-4.98287E+00
2.350	1.54730E+00	-1.19973E+01	-6.29986E+02	-2.19688E+01	-4.81794E+00
2.355	1.43735E+00	-1.20209E+01	-6.30105E+02	-2.20105E+01	-4.64623E+00
2.360	1.32718E+00	-1.20437E+01	-6.30219E+02	-2.20578E+01	-4.46781E+00
2.365	1.21675E+00	-1.20656E+01	-6.30328E+02	-2.21125E+01	-4.27975E+00
2.370	1.10603E+00	-1.20865E+01	-6.30432E+02	-2.21770E+01	-4.08097E+00
2.375	9.94949E-01	-1.21064E+01	-6.30532E+02	-2.22546E+01	-3.86675E+00
2.380	8.83436E-01	-1.21251E+01	-6.30626E+02	-2.23507E+01	-3.63308E+00
2.385	7.71374E-01	-1.21426E+01	-6.30713E+02	-2.24738E+01	-3.37015E+00
2.390	6.58593E-01	-1.21587E+01	-6.30793E+02	-2.26387E+01	-3.06456E+00
2.395	5.44814E-01	-1.21731E+01	-6.30865E+02	-2.28729E+01	-2.68731E+00
2.400	4.29542E-01	-1.21852E+01	-6.30926E+02	-2.32360E+01	-2.18034E+00
2.405	3.11746E-01	-1.21942E+01	-6.30971E+02	-2.38824E+01	-1.38779E+00
2.410	1.88585E-01	-1.21970E+01	-6.30985E+02	-2.53821E+01	2.59011E-01
2.415	4.38324E-02	-1.21775E+01	-6.29034E+02	-3.25188E+01	7.54488E+00
2.420	-2.10379E-01	-1.20478E+01	-6.16062E+02	-6.91657E+01	4.43419E+01
2.425	-5.78586E-01	-1.18033E+01	-5.91615E+02	-7.81171E+01	5.34457E+01
2.430	-9.64319E-01	-1.15405E+01	-5.65339E+02	-7.61763E+01	5.16581E+01
2.435	-1.33532E+00	-1.12917E+01	-5.40460E+02	-7.22242E+01	4.78613E+01
2.440	-1.68587E+00	-1.10626E+01	-5.17547E+02	-6.79959E+01	4.37892E+01
2.445	-2.01573E+00	-1.08534E+01	-4.96624E+02	-6.39495E+01	3.99012E+01
2.450	-2.32615E+00	-1.06628E+01	-4.77567E+02	-6.02162E+01	3.63270E+01
2.455	-2.61874E+00	-1.04893E+01	-4.60212E+02	-5.68210E+01	3.30932E+01
2.460	-2.89517E+00	-1.03311E+01	-4.44392E+02	-5.37516E+01	3.01858E+01
2.465	-3.15701E+00	-1.01866E+01	-4.29951E+02	-5.09819E+01	2.75804E+01
2.470	-3.40567E+00	-1.00546E+01	-4.16744E+02	-4.84826E+01	2.52461E+01
2.475	-3.64244E+00	-9.93358E+00	-4.04644E+02	-4.62246E+01	2.31552E+01
2.480	-3.86845E+00	-9.82249E+00	-3.93535E+02	-4.41811E+01	2.12795E+01
2.485	-4.08472E+00	-9.72030E+00	-3.83316E+02	-4.23277E+01	1.95961E+01
2.490	-4.29215E+00	-9.62611E+00	-3.73897E+02	-4.06430E+01	1.80821E+01
2.495	-4.49153E+00	-9.53910E+00	-3.65196E+02	-3.91078E+01	1.67196E+01
2.500	-4.68356E+00	-9.45858E+00	-3.57144E+02	-3.77054E+01	1.54907E+01
2.505	-4.86887E+00	-9.38390E+00	-3.49676E+02	-3.64211E+01	1.43819E+01
2.510	-5.04803E+00	-9.31449E+00	-3.42735E+02	-3.52420E+01	1.33789E+01
2.515	-5.22153E+00	-9.24987E+00	-3.36273E+02	-3.41566E+01	1.24718E+01
2.520	-5.38981E+00	-9.18956E+00	-3.30242E+02	-3.31552E+01	1.16492E+01
2.525	-5.55327E+00	-9.13318E+00	-3.24604E+02	-3.22288E+01	1.09037E+01
2.530	-5.71226E+00	-9.08036E+00	-3.19322E+02	-3.13697E+01	1.02261E+01
2.535	-5.86712E+00	-9.03077E+00	-3.14363E+02	-3.05710E+01	9.61093E+00
2.540	-6.01811E+00	-8.98411E+00	-3.09697E+02	-2.98268E+01	9.05076E+00
2.545	-6.16551E+00	-8.94013E+00	-3.05299E+02	-2.91314E+01	8.54147E+00
2.550	-6.30954E+00	-8.89858E+00	-3.01144E+02	-2.84803E+01	8.07698E+00
2.555	-6.45041E+00	-8.85926E+00	-2.97212E+02	-2.78690E+01	7.65427E+00
2.560	-6.58831E+00	-8.82195E+00	-2.93481E+02	-2.72937E+01	7.26822E+00
2.565	-6.72343E+00	-8.78649E+00	-2.89935E+02	-2.67512E+01	6.91669E+00
2.570	-6.85590E+00	-8.75271E+00	-2.86557E+02	-2.62382E+01	6.59532E+00
2.575	-6.98588E+00	-8.72046E+00	-2.83332E+02	-2.57520E+01	6.30263E+00
2.580	-7.11348E+00	-8.68962E+00	-2.80248E+02	-2.52902E+01	6.03485E+00
2.585	-7.23883E+00	-8.66005E+00	-2.77291E+02	-2.48505E+01	5.79103E+00
2.590	-7.36204E+00	-8.63166E+00	-2.74452E+02	-2.44309E+01	5.56786E+00
2.595	-7.48319E+00	-8.60433E+00	-2.71719E+02	-2.40296E+01	5.36480E+00
2.600	-7.60237E+00	-8.57797E+00	-2.69083E+02	-2.36450E+01	5.17891E+00
2.605	-7.71968E+00	-8.55249E+00	-2.66535E+02	-2.32756E+01	5.00999E+00
2.610	-7.83516E+00	-8.52783E+00	-2.64069E+02	-2.29199E+01	4.85537E+00
2.615	-7.94891E+00	-8.50390E+00	-2.61676E+02	-2.25770E+01	4.71513E+00
2.620	-8.06096E+00	-8.48065E+00	-2.59351E+02	-2.22455E+01	4.58684E+00
2.625	-8.17139E+00	-8.45801E+00	-2.57087E+02	-2.19245E+01	4.47077E+00
2.630	-8.28023E+00	-8.43592E+00	-2.54878E+02	-2.16130E+01	4.36471E+00
2.635	-8.38754E+00	-8.41433E+00	-2.52719E+02	-2.13103E+01	4.26910E+00
2.640	-8.49335E+00	-8.39320E+00	-2.50606E+02	-2.10156E+01	4.18186E+00
2.645	-8.59771E+00	-8.37249E+00	-2.48535E+02	-2.07282E+01	4.10358E+00
2.650	-8.70065E+00	-8.35215E+00	-2.46501E+02	-2.04474E+01	4.03233E+00
2.655	-8.80220E+00	-8.33215E+00	-2.44501E+02	-2.01726E+01	3.96880E+00
2.660	-8.90239E+00	-8.31245E+00	-2.42531E+02	-1.99034E+01	3.91116E+00
2.665	-9.00125E+00	-8.29302E+00	-2.40588E+02	-1.96393E+01	3.86020E+00
2.670	-9.09880E+00	-8.27383E+00	-2.38669E+02	-1.93797E+01	3.81417E+00
2.675	-9.19506E+00	-8.25486E+00	-2.36772E+02	-1.91244E+01	3.77395E+00
2.680	-9.29005E+00	-8.23608E+00	-2.34894E+02	-1.88728E+01	3.73786E+00
2.685	-9.38379E+00	-8.21747E+00	-2.33033E+02	-1.86248E+01	3.70684E+00
2.690	-9.47631E+00	-8.19901E+00	-2.31187E+02	-1.83800E+01	3.67928E+00
2.695	-9.56760E+00	-8.18067E+00	-2.29353E+02	-1.81380E+01	3.65617E+00
2.700	-9.65769E+00	-8.16244E+00	-2.27530E+02	-1.78987E+01	3.63594E+00
2.705	-9.74659E+00	-8.14430E+00	-2.25716E+02	-1.76618E+01	3.61964E+00
2.710	-9.83432E+00	-8.12624E+00	-2.23910E+02	-1.74271E+01	3.60574E+00
2.715	-9.92087E+00	-8.10823E+00	-2.22109E+02	-1.71943E+01	3.59532E+00
2.720	-1.00063E+01	-8.09028E+00	-2.20314E+02	-1.69634E+01	3.58689E+00
2.725	-1.00905E+01	-8.07236E+00	-2.18522E+02	-1.67341E+01	3.58157E+00
2.730	-1.01736E+01	-8.05446E+00	-2.16732E+02	-1.65062E+01	3.57789E+00
2.735	-1.02556E+01	-8.03657E+00	-2.14943E+02	-1.62797E+01	3.57700E+00
2.740	-1.03364E+01	-8.01868E+00	-2.13155E+02	-1.60544E+01	3.57746E+00
2.745	-1.04161E+01	-8.00079E+00	-2.11365E+02	-1.58303E+01	3.58043E+00
2.750	-1.04947E+01	-7.98288E+00	-2.09574E+02	-1.56071E+01	3.58451E+00
2.755	-1.05722E+01	-7.96494E+00	-2.07780E+02	-1.53848E+01	3.59088E+00
2.760	-1.06486E+01	-7.94697E+00	-2.05983E+02	-1.51633E+01	3.59813E+00
2.765	-1.07238E+01	-7.92895E+00	-2.04181E+02	-1.49426E+01	3.60749E+00
2.770	-1.07980E+01	-7.91089E+00	-2.02375E+02	-1.47225E+01	3.61755E+00
2.775	-1.08711E+01	-7.89277E+00	-2.00563E+02	-1.45030E+01	3.62955E+00
2.780	-1.09430E+01	-7.87459E+00	-1.98745E+02	-1.42841E+01	3.64212E+00
2.785	-1.10139E+01	-7.85635E+00	-1.96921E+02	-1.40657E+01	3.65647E+00
2.790	-1.10837E+01	-7.83803E+00	-1.95089E+02	-1.38476E+01	3.67127E+00
2.795	-1.11524E+01	-7.81963E+00	-1.93249E+02	-1.36300E+01	3.68774E+00
2.800	-1.12200E+01	-7.80115E+00	-1.91401E+02	-1.34128E+01	3.70455E+00
2.805	-1.12865E+01	-7.78258E+00	-1.89544E+02	-1.31959E+01	3.72294E+00
2.810	-1.13519E+01	-7.76392E+00	-1.87678E+02	-1.29793E+01	3.74157E+00
2.815	-1.14163E+01	-7.74516E+00	-1.85802E+02	-1.27630E+01	3.76171E+00
2.820	-1.14796E+01	-7.72630E+00	-1.83916E+02	-1.25470E+01	3.78202E+00
2.825	-1.15418E+01	-7.70734E+00	-1.82020E+02	-1.23312E+01	3.80378E+00
2.830	-1.16029E+01	-7.68826E+00	-1.80112E+02	-1.21157E+01	3.82564E+00
2.835	-1.16629E+01	-7.66908E+00	-1.78194E+02	-1.19003E+01	3.84890E+00
2.840	-1.17219E+01	-7.64977E+00	-1.76263E+02	-1.16852E+01	3.87223E+00
2.845	-1.17798E+01	-7.63035E+00	-1.74321E+02	-1.14704E+01	3.89690E+00
2.850	-1.18366E+01	-7.61081E+00	-1.72367E+02	-1.12557E+01	3.92160E+00
2.855	-1.18923E+01	-7.59113E+00	-1.70399E+02	-1.10413E+01	3.94763E+00
2.860	-1.19470E+01	-7.57133E+00	-1.68419E+02	-1.08270E+01	3.97366E+00
2.865	-1.20006E+01	-7.55139E+00	-1.66425E+02	-1.06130E+01	4.00098E+00
2.870	-1.20531E+01	-7.53132E+00	-1.64418E+02	-1.03993E+01	4.02831E+00
2.875	-1.21046E+01	-7.51111E+00	-1.62397E+02	-1.01857E+01	4.05691E+00
2.880	-1.21550E+01	-7.49075E+00	-1.60361E+02	-9.97244E+00	4.08549E+00
2.885	-1.22043E+01	-7.47025E+00	-1.58311E+02	-9.75943E+00	4.11535E+00
2.890	-1.22526E+01	-7.44960E+00	-1.56246E+02	-9.54670E+00	4.14520E+00
2.895	-1.22998E+01	-7.42879E+00	-1.54165E+02	-9.33427E+00	4.17633E+00
2.900	-1.23459E+01	-7.40783E+00	-1.52069E+02	-9.12216E+00	4.20744E+00
2.905	-1.23910E+01	-7.38672E+00	-1.49958E+02	-8.91039E+00	4.23984E+00
2.910	-1.24350E+01	-7.36544E+00	-1.47830E+02	-8.69898E+00	4.27225E+00
2.915	-1.24780E+01	-7.34399E+00	-1.45685E+02	-8.48795E+00	4.30596E+00
2.920	-1.25199E+01	-7.32238E+00	-1.43524E+02	-8.27734E+00	4.33970E+00
2.925	-1.25608E+01	-7.30059E+00	-1.41345E+02	-8.06716E+00	4.37476E+00
2.930	-1.26006E+01	-7.27863E+00	-1.39149E+02	-7.85746E+00	4.40987E+00
2.935	-1.26394E+01	-7.25649E+00	-1.36935E+02	-7.64825E+00	4.44634E+00
2.940	-1.26771E+01	-7.23416E+00	-1.34702E+02	-7.43958E+00	4.48290E+00
2.945	-1.27138E+01	-7.21165E+00	-1.32451E+02	-7.23147E+00	4.52085E+00
2.950	-1.27494E+01	-7.18896E+00	-1.30182E+02	-7.02397E+00	4.55893E+00
2.955	-1.27840E+01	-7.16606E+00	-1.27892E+02	-6.81712E+00	4.59845E+00
2.960	-1.28176E+01	-7.14297E+00	-1.25583E+02	-6.61095E+00	4.63815E+00
2.965	-1.28501E+01	-7.11968E+00	-1.23254E+02	-6.40550E+00	4.67935E+00
2.970	-1.28816E+01	-7.09618E+00	-1.20904E+02	-6.20084E+00	4.72078E+00
2.975	-1.29121E+01	-7.07246E+00	-1.18533E+02	-5.99700E+00	4.76377E+00
2.980	-1.29416E+01	-7.04854E+00	-1.16140E+02	-5.79403E+00	4.80706E+00
2.985	-1.29701E+01	-7.02439E+00	-1.13725E+02	-5.59199E+00	4.85199E+00
2.990	-1.29975E+01	-7.00002E+00	-1.11288E+02	-5.39093E+00	4.89731E+00
2.995	-1.30240E+01	-6.97541E+00	-1.08827E+02	-5.19092E+00	4.94434E+00
3.000	-1.30494E+01	-6.95057E+00	-1.06343E+02	-4.99201E+00	4.99185E+00
3.005	-1.30739E+01	-6.92549E+00	-1.03835E+02	-4.79428E+00	5.04118E+00
3.010	-1.30974E+01	-6.90016E+00	-1.01302E+02	-4.59778E+00	5.09109E+00
3.015	-1.31199E+01	-6.87457E+00	-9.87434E+01	-4.40261E+00	5.14293E+00
3.020	-1.31414E+01	-6.84873E+00	-9.61588E+01	-4.20883E+00	5.19548E+00
3.025	-1.31620E+01	-6.82261E+00	-9.35474E+01	-4.01654E+00	5.25009E+00
3.030	-1.31816E+01	-6.79622E+00	-9.09085E+01	-3.82581E+00	5.30555E+00
3.035	-1.32002E+01	-6.76955E+00	-8.82413E+01	-3.63675E+00	5.36323E+00
3.040	-1.32179E+01	-6.74259E+00	-8.55450E+01	-3.44945E+00	5.42192E+00
3.045	-1.32347E+01	-6.71533E+00	-8.28188E+01	-3.26403E+00	5.48302E+00
3.050	-1.32506E+01	-6.68776E+00	-8.00617E+01	-3.08060E+00	5.54532E+00
3.055	-1.32655E+01	-6.65987E+00	-7.72728E+01	-2.89928E+00	5.61022E+00
3.060	-1.32796E+01	-6.63165E+00	-7.44511E+01	-2.72021E+00	5.67657E+00
3.065	-1.32927E+01	-6.60310E+00	-7.15956E+01	-2.54354E+00	5.74577E+00
3.070	-1.33050E+01	-6.57419E+00	-6.87049E+01	-2.36941E+00	5.81667E+00
3.075	-1.33164E+01	-6.54492E+00	-6.57781E+01	-2.19800E+00	5.89073E+00
3.080	-1.33270E+01	-6.51528E+00	-6.28137E+01	-2.02950E+00	5.96682E+00
3.085	-1.33368E+01	-6.48524E+00	-5.98104E+01	-1.86410E+00	6.04641E+00
3.090	-1.33457E+01	-6.45481E+00	-5.67667E+01	-1.70202E+00	6.12843E+00
3.095	-1.33538E+01	-6.42395E+00	-5.36810E+01	-1.54351E+00	6.21438E+00
3.100	-1.33611E+01	-6.39266E+00	-5.05516E+01	-1.38884E+00	6.30323E+00
3.105	-1.33677E+01	-6.36091E+00	-4.73766E+01	-1.23829E+00	6.39656E+00
3.110	-1.33735E+01	-6.32868E+00	-4.41541E+01	-1.09221E+00	6.49338E+00
3.115	-1.33786E+01	-6.29595E+00	-4.08815E+01	-9.52787E-01	6.59719E+00
3.120	-1.33831E+01	-6.26266E+00	-3.75518E+01	-8.34889E-01	6.72152E+00
3.125	-1.33870E+01	-6.22870E+00	-3.41563E+01	-7.31411E-01	6.86055E+00
3.130	-1.33904E+01	-6.19403E+00	-3.06895E+01	-6.36214E-01	7.00684E+00
3.135	-1.33934E+01	-6.15862E+00	-2.71481E+01	-5.46237E-01	7.15860E+00
3.140	-1.33959E+01	-6.12244E+00	-2.35303E+01	-4.59680E-01	7.31273E+00
3.145	-1.33980E+01	-6.08549E+00	-1.98348E+01	-3.75384E-01	7.46934E+00
3.150	-1.33997E+01	-6.04775E+00	-1.60608E+01	-2.92613E-01	7.62639E+00
3.155	-1.34009E+01	-6.00922E+00	-1.22080E+01	-2.11106E-01	7.78490E+00
3.160	-1.34018E+01	-5.96990E+00	-8.27566E+00	-1.31790E-01	7.94449E+00
3.165	-1.34022E+01	-5.92976E+00	-4.26174E+00	-5.94139E-02	8.11118E+00
3.170	-1.34024E+01	-5.88875E+00	-1.61036E-01	-1.92718E-03	8.29162E+00
3.175	-1.34023E+01	-5.84681E+00	4.03300E+00	4.32358E-02	8.48452E+00
3.180	-1.34020E+01	-5.80390E+00	8.32443E+00	8.34554E-02	8.68119E+00
3.185	-1.34015E+01	-5.75999E+00	1.27146E+01	1.22329E-01	8.87931E+00
3.190	-1.34008E+01	-5.71511E+00	1.72034E+01	1.61229E-01	9.07621E+00
3.195	-1.33999E+01	-5.66923E+00	2.17906E+01	2.00737E-01	9.27257E+00
3.200	-1.33987E+01	-5.62239E+00	2.64755E+01	2.41151E-01	9.46679E+00
3.205	-1.33974E+01	-5.57457E+00	3.12572E+01	2.82664E-01	9.65997E+00
3.210	-1.33959E+01	-5.52579E+00	3.61348E+01	3.25440E-01	9.85062E+00
3.215	-1.33942E+01	-5.47607E+00	4.11074E+01	3.69635E-01	1.00399E+01
3.220	-1.33922E+01	-5.42540E+00	4.61740E+01	4.15423E-01	1.02262E+01
3.225	-1.33900E+01	-5.37381E+00	5.13332E+01	4.63008E-01	1.04108E+01
3.230	-1.33876E+01	-5.32130E+00	5.65839E+01	5.12635E-01	1.05920E+01
3.235	-1.33849E+01	-5.26789E+00	6.19246E+01	5.64613E-01	1.07708E+01
3.240	-1.33819E+01	-5.21360E+00	6.73537E+01	6.19344E-01	1.09455E+01
3.245	-1.33787E+01	-5.15845E+00	7.28693E+01	6.77364E-01	1.11169E+01
3.250	-1.33751E+01	-5.10245E+00	7.84692E+01	7.39420E-01	1.12828E+01
3.255	-1.33713E+01	-5.04563E+00	8.41508E+01	8.06611E-01	1.14436E+01
3.260	-1.33671E+01	-4.98803E+00	8.99107E+01	8.80670E-01	1.15960E+01
3.265	-1.33624E+01	-4.92970E+00	9.57443E+01	9.64642E-01	1.17384E+01
3.270	-1.33574E+01	-4.87068E+00	1.01646E+02	1.06147E+00	1.18665E+01
3.275	-1.33518E+01	-4.81105E+00	1.07609E+02	1.16419E+00	1.19886E+01
3.280	-1.33457E+01	-4.75081E+00	1.13633E+02	1.27184E+00	1.21043E+01
3.285	-1.33391E+01	-4.69002E+00	1.19712E+02	1.38443E+00	1.22149E+01
3.290	-1.33319E+01	-4.62868E+00	1.25846E+02	1.50195E+00	1.23191E+01
3.295	-1.33241E+01	-4.56684E+00	1.32030E+02	1.62436E+00	1.24181E+01
3.300	-1.33156E+01	-4.50452E+00	1.38262E+02	1.75164E+00	1.25108E+01
3.305	-1.33065E+01	-4.44174E+00	1.44540E+02	1.88377E+00	1.25984E+01
3.310	-1.32968E+01	-4.37855E+00	1.50859E+02	2.02071E+00	1.26796E+01
3.315	-1.32863E+01	-4.31496E+00	1.57218E+02	2.16242E+00	1.27559E+01
3.320	-1.32751E+01	-4.25100E+00	1.63614E+02	2.30885E+00	1.28258E+01
3.325	-1.32632E+01	-4.18671E+00	1.70043E+02	2.45995E+00	1.28908E+01
3.330	-1.32505E+01	-4.12211E+00	1.76503E+02	2.61565E+00	1.29496E+01
3.335	-1.32370E+01	-4.05723E+00	1.82991E+02	2.77591E+00	1.30035E+01
3.340	-1.32227E+01	-3.99209E+00	1.89505E+02	2.94066E+00	1.30513E+01
3.345	-1.32076E+01	-3.92673E+00	1.96041E+02	3.10982E+00	1.30943E+01
3.350	-1.31916E+01	-3.86116E+00	2.02598E+02	3.28331E+00	1.31314E+01
3.355	-1.31748E+01	-3.79543E+00	2.09171E+02	3.46107E+00	1.31638E+01
3.360	-1.31570E+01	-3.72954E+00	2.15760E+02	3.64301E+00	1.31904E+01
3.365	-1.31383E+01	-3.66353E+00	2.22361E+02	3.82903E+00	1.32125E+01
3.370	-1.31187E+01	-3.59743E+00	2.28971E+02	4.01905E+00	1.32289E+01
3.375	-1.30981E+01	-3.53126E+00	2.35588E+02	4.21298E+00	1.32410E+01
3.380	-1.30766E+01	-3.46503E+00	2.42211E+02	4.41072E+00	1.32476E+01
3.385	-1.30540E+01	-3.39879E+00	2.48835E+02	4.61217E+00	1.32500E+01
3.390	-1.30304E+01	-3.33255E+00	2.55459E+02	4.81722E+00	1.32470E+01
3.395	-1.30058E+01	-3.26633E+00	2.62081E+02	5.02577E+00	1.32401E+01
3.400	-1.29802E+01	-3.20016E+00	2.68698E+02	5.23771E+00	1.32280E+01
3.405	-1.29535E+01	-3.13406E+00	2.75308E+02	5.45293E+00	1.32122E+01
3.410	-1.29256E+01	-3.06805E+00	2.81909E+02	5.67133E+00	1.31914E+01
3.415	-1.28967E+01	-3.00215E+00	2.88499E+02	5.89278E+00	1.31670E+01
3.420	-1.28667E+01	-2.93639E+00	2.95075E+02	6.11717E+00	1.31378E+01
3.425	-1.28356E+01	-2.87078E+00	3.01636E+02	6.34439E+00	1.31053E+01
3.430	-1.28033E+01	-2.80535E+00	3.08179E+02	6.57431E+00	1.30682E+01
3.435	-1.27698E+01	-2.74011E+00	3.14703E+02	6.80683E+00	1.30280E+01
3.440	-1.27352E+01	-2.67508E+00	3.21206E+02	7.04181E+00	1.29834E+01
3.445	-1.26994E+01	-2.61028E+00	3.27686E+02	7.27914E+00	1.29359E+01
3.450	-1.26624E+01	-2.54573E+00	3.34141E+02	7.51870E+00	1.28843E+01
3.455	-1.26242E+01	-2.48145E+00	3.40569E+02	7.76036E+00	1.28299E+01
3.460	-1.25848E+01	-2.41744E+00	3.46970E+02	8.00402E+00	1.27717E+01
3.465	-1.25441E+01	-2.35374E+00	3.53340E+02	8.24954E+00	1.27109E+01
3.470	-1.25023E+01	-2.29034E+00	3.59680E+02	8.49681E+00	1.26465E+01
3.475	-1.24592E+01	-2.22728E+00	3.65986E+02	8.74570E+00	1.25797E+01
3.480	-1.24148E+01	-2.16456E+00	3.72258E+02	8.99611E+00	1.25095E+01
3.485	-1.23692E+01	-2.10219E+00	3.78495E+02	9.24790E+00	1.24373E+01
3.490	-1.23223E+01	-2.04019E+00	3.84695E+02	9.50097E+00	1.23617E+01
3.495	-1.22742E+01	-1.97858E+00	3.90856E+02	9.75519E+00	1.22843E+01
3.500	-1.22248E+01	-1.91735E+00	3.96978E+02	1.00105E+01	1.22039E+01
3.505	-1.21741E+01	-1.85654E+00	4.03060E+02	1.02666E+01	1.21218E+01
3.510	-1.21221E+01	-1.79614E+00	4.09100E+02	1.05236E+01	1.20369E+01
3.515	-1.20688E+01	-1.73618E+00	4.15096E+02	1.07814E+01	1.19505E+01
3.520	-1.20143E+01	-1.67664E+00	4.21049E+02	1.10397E+01	1.18615E+01
3.525	-1.19585E+01	-1.61756E+00	4.26958E+02	1.12984E+01	1.17713E+01
3.530	-1.19013E+01	-1.55894E+00	4.32820E+02	1.15576E+01	1.16786E+01
3.535	-1.18429E+01	-1.50078E+00	4.38636E+02	1.18170E+01	1.15848E+01
3.540	-1.17831E+01	-1.44310E+00	4.44404E+02	1.20766E+01	1.14888E+01
3.545	-1.17221E+01	-1.38589E+00	4.50125E+02	1.23363E+01	1.13919E+01
3.550	-1.16598E+01	-1.32918E+00	4.55796E+02	1.25960E+01	1.12929E+01
3.555	-1.15961E+01	-1.27297E+00	4.61417E+02	1.28555E+01	1.11932E+01
3.560	-1.15312E+01	-1.21726E+00	4.66988E+02	1.31148E+01	1.10916E+01
3.565	-1.14650E+01	-1.16205E+00	4.72509E+02	1.33738E+01	1.09894E+01
3.570	-1.13975E+01	-1.10737E+00	4.77977E+02	1.36323E+01	1.08856E+01
3.575	-1.13287E+01	-1.05320E+00	4.83394E+02	1.38904E+01	1.07813E+01
3.580	-1.12586E+01	-9.99556E-01	4.88758E+02	1.41479E+01	1.06755E+01
3.585	-1.11872E+01	-9.46444E-01	4.94070E+02	1.44048E+01	1.05694E+01
3.590	-1.11145E+01	-8.93866E-01	4.99327E+02	1.46609E+01	1.04619E+01
3.595	-1.10406E+01	-8.41825E-01	5.04531E+02	1.49162E+01	1.03543E+01
3.600	-1.09654E+01	-7.90326E-01	5.09681E+02	1.51705E+01	1.02454E+01
3.605	-1.08889E+01	-7.39371E-01	5.14777E+02	1.54239E+01	1.01366E+01
3.610	-1.08111E+01	-6.88963E-01	5.19818E+02	1.56763E+01	1.00266E+01
3.615	-1.07321E+01	-6.39104E-01	5.24804E+02	1.59275E+01	9.91677E+00
3.620	-1.06519E+01	-5.89797E-01	5.29734E+02	1.61776E+01	9.80589E+00
3.625	-1.05704E+01	-5.41045E-01	5.34610E+02	1.64264E+01	9.69530E+00
3.630	-1.04876E+01	-4.92847E-01	5.39429E+02	1.66739E+01	9.58378E+00
3.635	-1.04036E+01	-4.45206E-01	5.44193E+02	1.69200E+01	9.47265E+00
3.640	-1.03184E+01	-3.98122E-01	5.48902E+02	1.71646E+01	9.36070E+00
3.645	-1.02320E+01	-3.51598E-01	5.53554E+02	1.74078E+01	9.24924E+00
3.650	-1.01443E+01	-3.05632E-01	5.58151E+02	1.76494E+01	9.13705E+00
3.655	-1.00555E+01	-2.60226E-01	5.62691E+02	1.78894E+01	9.02546E+00
3.660	-9.96545E+00	-2.15379E-01	5.67176E+02	1.81278E+01	8.91321E+00
3.665	-9.87422E+00	-1.71092E-01	5.71605E+02	1.83644E+01	8.80164E+00
3.670	-9.78181E+00	-1.27364E-01	5.75978E+02	1.85993E+01	8.68951E+00
3.675	-9.68823E+00	-8.41948E-02	5.80294E+02	1.88324E+01	8.57813E+00
3.680	-9.59349E+00	-4.15838E-02	5.84556E+02	1.90637E+01	8.46625E+00
3.685	-9.49760E+00	4.69805E-04	5.88761E+02	1.92931E+01	8.35520E+00
3.690	-9.40056E+00	4.19671E-02	5.92911E+02	1.95206E+01	8.24372E+00
3.695	-9.30240E+00	8.29093E-02	5.97005E+02	1.97461E+01	8.13313E+00
3.700	-9.20311E+00	1.23298E-01	6.01044E+02	1.99696E+01	8.02217E+00
3.705	-9.10271E+00	1.63133E-01	6.05027E+02	2.01911E+01	7.91215E+00
3.710	-9.00120E+00	2.02418E-01	6.08956E+02	2.04105E+01	7.80181E+00
3.715	-8.89861E+00	2.41154E-01	6.12829E+02	2.06279E+01	7.69246E+00
3.720	-8.79493E+00	2.79342E-01	6.16648E+02	2.08431E+01	7.58285E+00
3.725	-8.69018E+00	3.16985E-01	6.20412E+02	2.10562E+01	7.47426E+00
3.730	-8.58437E+00	3.54084E-01	6.24122E+02	2.12671E+01	7.36545E+00
3.735	-8.47751E+00	3.90642E-01	6.27778E+02	2.14758E+01	7.25771E+00
3.740	-8.36967E+00	4.26714E-01	6.31005E+02	2.16609E+01	7.17120E+00
3.745	-8.26134E+00	4.62785E-01	6.31185E+02	2.16723E+01	7.25724E+00
3.750	-8.15295E+00	4.99280E-01	6.31368E+02	2.16838E+01	7.34070E+00
3.755	-8.04450E+00	5.36189E-01	6.31552E+02	2.16955E+01	7.42286E+00
3.760	-7.93599E+00	5.73502E-01	6.31739E+02	2.17074E+01	7.50243E+00
3.765	-7.82743E+00	6.11210E-01	6.31927E+02	2.17193E+01	7.58069E+00
3.770	-7.71880E+00	6.49303E-01	6.32118E+02	2.17315E+01	7.65635E+00
3.775	-7.61011E+00	6.87770E-01	6.32310E+02	2.17438E+01	7.73070E+00
3.780	-7.50136E+00	7.26603E-01	6.32504E+02	2.17562E+01	7.80244E+00
3.785	-7.39255E+00	7.65791E-01	6.32700E+02	2.17688E+01	7.87285E+00
3.790	-7.28367E+00	8.05325E-01	6.32898E+02	2.17815E+01	7.94065E+00
3.795	-7.17473E+00	8.45195E-01	6.33097E+02	2.17944E+01	8.00711E+00
3.800	-7.06573E+00	8.85390E-01	6.33298E+02	2.18074E+01	8.07095E+00
3.805	-6.95666E+00	9.25901E-01	6.33501E+02	2.18205E+01	8.13345E+00
3.810	-6.84752E+00	9.66718E-01	6.33705E+02	2.18338E+01	8.19332E+00
3.815	-6.73832E+00	1.00783E+00	6.33911E+02	2.18472E+01	8.25183E+00
3.820	-6.62905E+00	1.04923E+00	6.34118E+02	2.18608E+01	8.30770E+00
3.825	-6.51971E+00	1.09090E+00	6.34326E+02	2.18745E+01	8.36222E+00
3.830	-6.41031E+00	1.13284E+00	6.34536E+02	2.18884E+01	8.41408E+00
3.835	-6.30083E+00	1.17504E+00	6.34747E+02	2.19024E+01	8.46457E+00
3.840	-6.19128E+00	1.21748E+00	6.34959E+02	2.19165E+01	8.51240E+00
3.845	-6.08166E+00	1.26016E+00	6.35172E+02	2.19308E+01	8.55886E+00
3.850	-5.97197E+00	1.30307E+00	6.35387E+02	2.19453E+01	8.60264E+00
3.855	-5.86221E+00	1.34619E+00	6.35602E+02	2.19598E+01	8.64504E+00
3.860	-5.75237E+00	1.38951E+00	6.35819E+02	2.19746E+01	8.68475E+00
3.865	-5.64246E+00	1.43303E+00	6.36037E+02	2.19895E+01	8.72306E+00
3.870	-5.53248E+00	1.47673E+00	6.36255E+02	2.20045E+01	8.75868E+00
3.875	-5.42242E+00	1.52061E+00	6.36474E+02	2.20197E+01	8.79289E+00
3.880	-5.31228E+00	1.56466E+00	6.36695E+02	2.20351E+01	8.82439E+00
3.885	-5.20207E+00	1.60885E+00	6.36916E+02	2.20506E+01	8.85447E+00
3.890	-5.09178E+00	1.65319E+00	6.37137E+02	2.20663E+01	8.88182E+00
3.895	-4.98140E+00	1.69767E+00	6.37360E+02	2.20822E+01	8.90774E+00
3.900	-4.87095E+00	1.74226E+00	6.37583E+02	2.20982E+01	8.93091E+00
3.905	-4.76042E+00	1.78697E+00	6.37806E+02	2.21145E+01	8.95262E+00
3.910	-4.64981E+00	1.83178E+00	6.38030E+02	2.21309E+01	8.97157E+00
3.915	-4.53911E+00	1.87668E+00	6.38255E+02	2.21476E+01	8.98904E+00
3.920	-4.42833E+00	1.92167E+00	6.38480E+02	2.21645E+01	9.00373E+00
3.925	-4.31747E+00	1.96672E+00	6.38705E+02	2.21816E+01	9.01690E+00
3.930	-4.20651E+00	2.01183E+00	6.38931E+02	2.21989E+01	9.02726E+00
3.935	-4.09548E+00	2.05699E+00	6.39156E+02	2.22166E+01	9.03608E+00
3.940	-3.98435E+00	2.10218E+00	6.39382E+02	2.22345E+01	9.04204E+00
3.945	-3.87313E+00	2.14740E+00	6.39608E+02	2.22527E+01	9.04642E+00
3.950	-3.76182E+00	2.19264E+00	6.39835E+02	2.22712E+01	9.04791E+00
3.955	-3.65042E+00	2.23788E+00	6.40061E+02	2.22900E+01	9.04776E+00
3.960	-3.53892E+00	2.28311E+00	6.40287E+02	2.23093E+01	9.04465E+00
3.965	-3.42732E+00	2.32832E+00	6.40513E+02	2.23289E+01	9.03984E+00
3.970	-3.31563E+00	2.37350E+00	6.40739E+02	2.23490E+01	9.03200E+00
3.975	-3.20383E+00	2.41864E+00	6.40965E+02	2.23697E+01	9.02237E+00
3.980	-3.09193E+00	2.46372E+00	6.41190E+02	2.23908E+01	9.00961E+00
3.985	-2.97992E+00	2.50873E+00	6.41415E+02	2.24126E+01	8.99495E+00
3.990	-2.86780E+00	2.55366E+00	6.41640E+02	2.24350E+01	8.97702E+00
3.995	-2.75557E+00	2.59849E+00	6.41864E+02	2.24583E+01	8.95703E+00
4.000	-2.64322E+00	2.64322E+00	6.42087E+02	2.24823E+01	8.93359E+00
