2.00000E+01	0.00000E+00	0.00000E+00	0.00000E+00
1.99994E+01	-1.83050E+01	-2.77503E+01	-3.12169E+01
1.99975E+01	-3.90433E+01	-5.66473E+01	-6.01493E+01
1.99944E+01	-5.87888E+01	-8.03775E+01	-8.36849E+01
1.99901E+01	-7.38562E+01	-9.61446E+01	-9.91233E+01
1.99846E+01	-8.44345E+01	-1.05818E+02	-1.08458E+02
1.99778E+01	-9.39238E+01	-1.14311E+02	-1.16708E+02
1.99698E+01	-1.02519E+02	-1.21951E+02	-1.24161E+02
1.99605E+01	-1.10372E+02	-1.28931E+02	-1.30995E+02
1.99501E+01	-1.17607E+02	-1.35383E+02	-1.37329E+02
1.99383E+01	-1.24323E+02	-1.41402E+02	-1.43250E+02
1.99254E+01	-1.30597E+02	-1.47056E+02	-1.48821E+02
1.99112E+01	-1.36491E+02	-1.52398E+02	-1.54092E+02
1.98958E+01	-1.42055E+02	-1.57470E+02	-1.59102E+02
1.98792E+01	-1.47331E+02	-1.62304E+02	-1.63882E+02
1.98614E+01	-1.52352E+02	-1.66927E+02	-1.68458E+02
1.98423E+01	-1.57145E+02	-1.71362E+02	-1.72851E+02
1.98220E+01	-1.61736E+02	-1.75627E+02	-1.77078E+02
1.98005E+01	-1.66142E+02	-1.79737E+02	-1.81154E+02
1.97777E+01	-1.70382E+02	-1.83707E+02	-1.85093E+02
1.97538E+01	-1.74470E+02	-1.87548E+02	-1.88906E+02
1.97286E+01	-1.78418E+02	-1.91269E+02	-1.92602E+02
1.97022E+01	-1.82238E+02	-1.94881E+02	-1.96190E+02
1.96746E+01	-1.85939E+02	-1.98389E+02	-1.99678E+02
1.96457E+01	-1.89530E+02	-2.01803E+02	-2.03072E+02
1.96157E+01	-1.93018E+02	-2.05127E+02	-2.06377E+02
1.95845E+01	-1.96410E+02	-2.08367E+02	-2.09601E+02
1.95520E+01	-1.99712E+02	-2.11527E+02	-2.12746E+02
1.95183E+01	-2.02930E+02	-2.14614E+02	-2.15818E+02
1.94835E+01	-2.06068E+02	-2.17630E+02	-2.18821E+02
1.94474E+01	-2.09130E+02	-2.20579E+02	-2.21757E+02
1.94101E+01	-2.12122E+02	-2.23464E+02	-2.24631E+02
1.93717E+01	-2.15046E+02	-2.26290E+02	-2.27446E+02
1.93320E+01	-2.17906E+02	-2.29057E+02	-2.30204E+02
1.92911E+01	-2.20705E+02	-2.31770E+02	-2.32907E+02
1.92491E+01	-2.23446E+02	-2.34430E+02	-2.35559E+02
1.92059E+01	-2.26131E+02	-2.37040E+02	-2.38160E+02
1.91615E+01	-2.28763E+02	-2.39602E+02	-2.40714E+02
1.91159E+01	-2.31344E+02	-2.42117E+02	-2.43223E+02
1.90691E+01	-2.33876E+02	-2.44588E+02	-2.45687E+02
1.90211E+01	-2.36360E+02	-2.47015E+02	-2.48108E+02
1.89720E+01	-2.38800E+02	-2.49402E+02	-2.50489E+02
1.89217E+01	-2.41196E+02	-2.51748E+02	-2.52829E+02
1.88702E+01	-2.43549E+02	-2.54056E+02	-2.55132E+02
1.88176E+01	-2.45863E+02	-2.56326E+02	-2.57398E+02
1.87638E+01	-2.48136E+02	-2.58560E+02	-2.59628E+02
1.87089E+01	-2.50372E+02	-2.60759E+02	-2.61823E+02
1.86528E+01	-2.52571E+02	-2.62925E+02	-2.63985E+02
1.85955E+01	-2.54735E+02	-2.65057E+02	-2.66113E+02
1.85371E+01	-2.56864E+02	-2.67157E+02	-2.68211E+02
1.84776E+01	-2.58959E+02	-2.69226E+02	-2.70277E+02
1.84169E+01	-2.61022E+02	-2.71265E+02	-2.72313E+02
1.83551E+01	-2.63052E+02	-2.73275E+02	-2.74320E+02
1.82921E+01	-2.65052E+02	-2.75255E+02	-2.76298E+02
1.82281E+01	-2.67022E+02	-2.77208E+02	-2.78249E+02
1.81629E+01	-2.68963E+02	-2.79133E+02	-2.80173E+02
1.80965E+01	-2.70874E+02	-2.81032E+02	-2.82070E+02
1.80291E+01	-2.72758E+02	-2.82904E+02	-2.83941E+02
1.79606E+01	-2.74614E+02	-2.84751E+02	-2.85787E+02
1.78909E+01	-2.76444E+02	-2.86573E+02	-2.87608E+02
1.78201E+01	-2.78248E+02	-2.88371E+02	-2.89406E+02
1.77483E+01	-2.80026E+02	-2.90145E+02	-2.91179E+02
1.76753E+01	-2.81779E+02	-2.91896E+02	-2.92929E+02
1.76013E+01	-2.83507E+02	-2.93624E+02	-2.94657E+02
1.75261E+01	-2.85211E+02	-2.95329E+02	-2.96362E+02
1.74499E+01	-2.86892E+02	-2.97012E+02	-2.98045E+02
1.73726E+01	-2.88550E+02	-2.98674E+02	-2.99707E+02
1.72943E+01	-2.90185E+02	-3.00314E+02	-3.01348E+02
1.72148E+01	-2.91797E+02	-3.01934E+02	-3.02968E+02
1.71344E+01	-2.93388E+02	-3.03533E+02	-3.04568E+02
1.70528E+01	-2.94957E+02	-3.05112E+02	-3.06148E+02
1.69702E+01	-2.96505E+02	-3.06671E+02	-3.07708E+02
1.68866E+01	-2.98031E+02	-3.08210E+02	-3.09249E+02
1.68019E+01	-2.99538E+02	-3.09731E+02	-3.10771E+02
1.67161E+01	-3.01024E+02	-3.11232E+02	-3.12274E+02
1.66294E+01	-3.02490E+02	-3.12715E+02	-3.13759E+02
1.65416E+01	-3.03936E+02	-3.14180E+02	-3.15225E+02
1.64528E+01	-3.05363E+02	-3.15627E+02	-3.16674E+02
1.63630E+01	-3.06771E+02	-3.17056E+02	-3.18105E+02
1.62722E+01	-3.08159E+02	-3.18467E+02	-3.19518E+02
1.61803E+01	-3.09529E+02	-3.19861E+02	-3.20915E+02
1.60875E+01	-3.10881E+02	-3.21238E+02	-3.22294E+02
1.59937E+01	-3.12214E+02	-3.22598E+02	-3.23657E+02
1.58989E+01	-3.13530E+02	-3.23941E+02	-3.25003E+02
1.58031E+01	-3.14827E+02	-3.25268E+02	-3.26333E+02
1.57063E+01	-3.16107E+02	-3.26579E+02	-3.27647E+02
1.56086E+01	-3.17370E+02	-3.27874E+02	-3.28945E+02
1.55099E+01	-3.18615E+02	-3.29153E+02	-3.30227E+02
1.54103E+01	-3.19843E+02	-3.30416E+02	-3.31494E+02
1.53097E+01	-3.21054E+02	-3.31663E+02	-3.32745E+02
1.52081E+01	-3.22248E+02	-3.32896E+02	-3.33981E+02
1.51056E+01	-3.23426E+02	-3.34113E+02	-3.35202E+02
1.50022E+01	-3.24587E+02	-3.35315E+02	-3.36408E+02
1.48979E+01	-3.25731E+02	-3.36502E+02	-3.37599E+02
1.47926E+01	-3.26860E+02	-3.37674E+02	-3.38776E+02
1.46865E+01	-3.27972E+02	-3.38832E+02	-3.39939E+02
1.45794E+01	-3.29068E+02	-3.39975E+02	-3.41087E+02
1.44714E+01	-3.30149E+02	-3.41104E+02	-3.42221E+02
1.43625E+01	-3.31213E+02	-3.42219E+02	-3.43340E+02
1.42528E+01	-3.32262E+02	-3.43319E+02	-3.44446E+02
1.41421E+01	-3.33295E+02	-3.44406E+02	-3.45539E+02
1.40306E+01	-3.34313E+02	-3.45479E+02	-3.46617E+02
1.39183E+01	-3.35315E+02	-3.46538E+02	-3.47682E+02
1.38050E+01	-3.36301E+02	-3.47584E+02	-3.48733E+02
1.36909E+01	-3.37273E+02	-3.48616E+02	-3.49772E+02
1.35760E+01	-3.38229E+02	-3.49634E+02	-3.50797E+02
1.34603E+01	-3.39169E+02	-3.50640E+02	-3.51809E+02
1.33437E+01	-3.40095E+02	-3.51632E+02	-3.52807E+02
1.32262E+01	-3.41006E+02	-3.52611E+02	-3.53793E+02
1.31080E+01	-3.41901E+02	-3.53577E+02	-3.54766E+02
1.29890E+01	-3.42781E+02	-3.54529E+02	-3.55727E+02
1.28691E+01	-3.43647E+02	-3.55469E+02	-3.56674E+02
1.27485E+01	-3.44497E+02	-3.56397E+02	-3.57609E+02
1.26271E+01	-3.45332E+02	-3.57311E+02	-3.58532E+02
1.25049E+01	-3.46152E+02	-3.58213E+02	-3.59442E+02
1.23819E+01	-3.46958E+02	-3.59103E+02	-3.60340E+02
1.22581E+01	-3.47748E+02	-3.59979E+02	-3.61226E+02
1.21336E+01	-3.48523E+02	-3.60844E+02	-3.62100E+02
1.20084E+01	-3.49284E+02	-3.61696E+02	-3.62961E+02
1.18824E+01	-3.50029E+02	-3.62536E+02	-3.63810E+02
1.17557E+01	-3.50759E+02	-3.63363E+02	-3.64648E+02
1.16283E+01	-3.51474E+02	-3.64178E+02	-3.65473E+02
1.15001E+01	-3.52174E+02	-3.64982E+02	-3.66287E+02
1.13712E+01	-3.52859E+02	-3.65773E+02	-3.67089E+02
1.12417E+01	-3.53529E+02	-3.66552E+02	-3.67879E+02
1.11114E+01	-3.54183E+02	-3.67319E+02	-3.68658E+02
1.09805E+01	-3.54821E+02	-3.68074E+02	-3.69425E+02
1.08488E+01	-3.55445E+02	-3.68817E+02	-3.70181E+02
1.07165E+01	-3.56052E+02	-3.69549E+02	-3.70925E+02
1.05836E+01	-3.56644E+02	-3.70268E+02	-3.71658E+02
1.04500E+01	-3.57221E+02	-3.70976E+02	-3.72379E+02
1.03157E+01	-3.57781E+02	-3.71672E+02	-3.73089E+02
1.01808E+01	-3.58325E+02	-3.72356E+02	-3.73788E+02
1.00453E+01	-3.58853E+02	-3.73029E+02	-3.74475E+02
9.90917E+00	-3.59364E+02	-3.73690E+02	-3.75152E+02
9.77242E+00	-3.59859E+02	-3.74339E+02	-3.75817E+02
9.63507E+00	-3.60337E+02	-3.74977E+02	-3.76471E+02
9.49713E+00	-3.60798E+02	-3.75603E+02	-3.77114E+02
9.35860E+00	-3.61242E+02	-3.76218E+02	-3.77746E+02
9.21949E+00	-3.61668E+02	-3.76821E+02	-3.78367E+02
9.07981E+00	-3.62077E+02	-3.77412E+02	-3.78978E+02
8.93957E+00	-3.62468E+02	-3.77992E+02	-3.79577E+02
8.79878E+00	-3.62840E+02	-3.78560E+02	-3.80165E+02
8.65745E+00	-3.63193E+02	-3.79117E+02	-3.80743E+02
8.51559E+00	-3.63527E+02	-3.79662E+02	-3.81310E+02
8.37319E+00	-3.63842E+02	-3.80196E+02	-3.81866E+02
8.23029E+00	-3.64137E+02	-3.80717E+02	-3.82412E+02
8.08687E+00	-3.64412E+02	-3.81228E+02	-3.82946E+02
7.94296E+00	-3.64665E+02	-3.81726E+02	-3.83470E+02
7.79855E+00	-3.64897E+02	-3.82213E+02	-3.83984E+02
7.65367E+00	-3.65107E+02	-3.82689E+02	-3.84486E+02
7.50831E+00	-3.65295E+02	-3.83152E+02	-3.84979E+02
7.36249E+00	-3.65458E+02	-3.83604E+02	-3.85460E+02
7.21622E+00	-3.65598E+02	-3.84044E+02	-3.85931E+02
7.06950E+00	-3.65713E+02	-3.84471E+02	-3.86392E+02
6.92234E+00	-3.65801E+02	-3.84887E+02	-3.86842E+02
6.77476E+00	-3.65863E+02	-3.85291E+02	-3.87281E+02
6.62676E+00	-3.65897E+02	-3.85683E+02	-3.87710E+02
6.47835E+00	-3.65901E+02	-3.86062E+02	-3.88129E+02
6.32954E+00	-3.65875E+02	-3.86429E+02	-3.88537E+02
6.18034E+00	-3.65817E+02	-3.86783E+02	-3.88934E+02
6.03076E+00	-3.65725E+02	-3.87125E+02	-3.89321E+02
5.88081E+00	-3.65598E+02	-3.87454E+02	-3.89698E+02
5.73049E+00	-3.65434E+02	-3.87769E+02	-3.90064E+02
5.57982E+00	-3.65230E+02	-3.88072E+02	-3.90420E+02
5.42881E+00	-3.64985E+02	-3.88360E+02	-3.90765E+02
5.27746E+00	-3.64695E+02	-3.88635E+02	-3.91100E+02
5.12579E+00	-3.64358E+02	-3.88896E+02	-3.91424E+02
4.97380E+00	-3.63970E+02	-3.89142E+02	-3.91738E+02
4.82150E+00	-3.63528E+02	-3.89374E+02	-3.92041E+02
4.66891E+00	-3.63027E+02	-3.89590E+02	-3.92334E+02
4.51603E+00	-3.62464E+02	-3.89790E+02	-3.92616E+02
4.36286E+00	-3.61832E+02	-3.89973E+02	-3.92887E+02
4.20944E+00	-3.61125E+02	-3.90140E+02	-3.93148E+02
4.05575E+00	-3.60337E+02	-3.90288E+02	-3.93397E+02
3.90181E+00	-3.59460E+02	-3.90417E+02	-3.93636E+02
3.74763E+00	-3.58484E+02	-3.90526E+02	-3.93864E+02
3.59321E+00	-3.57400E+02	-3.90614E+02	-3.94081E+02
3.43858E+00	-3.56195E+02	-3.90678E+02	-3.94287E+02
3.28374E+00	-3.54855E+02	-3.90718E+02	-3.94481E+02
3.12869E+00	-3.53363E+02	-3.90730E+02	-3.94664E+02
2.97345E+00	-3.51700E+02	-3.90713E+02	-3.94834E+02
2.81802E+00	-3.49842E+02	-3.90663E+02	-3.94993E+02
2.66243E+00	-3.47763E+02	-3.90575E+02	-3.95139E+02
2.50666E+00	-3.45429E+02	-3.90446E+02	-3.95271E+02
2.35075E+00	-3.42800E+02	-3.90267E+02	-3.95390E+02
2.19469E+00	-3.39828E+02	-3.90032E+02	-3.95495E+02
2.03849E+00	-3.36455E+02	-3.89728E+02	-3.95584E+02
1.88217E+00	-3.32608E+02	-3.89343E+02	-3.95655E+02
1.72573E+00	-3.28199E+02	-3.88855E+02	-3.95708E+02
1.56918E+00	-3.23120E+02	-3.88238E+02	-3.95738E+02
1.41254E+00	-3.17239E+02	-3.87452E+02	-3.95743E+02
1.25581E+00	-3.10393E+02	-3.86437E+02	-3.95715E+02
1.09900E+00	-3.02392E+02	-3.85101E+02	-3.95647E+02
9.42129E-01	-2.93016E+02	-3.83290E+02	-3.95521E+02
7.85196E-01	-2.82032E+02	-3.80730E+02	-3.95309E+02
6.28215E-01	-2.69226E+02	-3.76880E+02	-3.94955E+02
4.71195E-01	-2.54471E+02	-3.70511E+02	-3.94326E+02
3.14146E-01	-2.37820E+02	-3.58165E+02	-3.93024E+02
1.57078E-01	-2.19615E+02	-3.25870E+02	-3.89066E+02
-2.09820E-14	-2.00517E+02	-2.00517E+02	-2.00517E+02
-1.57078E-01	-1.81415E+02	-7.51600E+01	-1.19638E+01
-3.14146E-01	-1.63195E+02	-4.28500E+01	-7.99097E+00
-4.71195E-01	-1.46520E+02	-3.04793E+01	-6.66430E+00
-6.28215E-01	-1.31730E+02	-2.40762E+01	-6.00050E+00
-7.85196E-01	-1.18880E+02	-2.01811E+01	-5.60192E+00
-9.42129E-01	-1.07841E+02	-1.75663E+01	-5.33594E+00
-1.09900E+00	-9.84005E+01	-1.56911E+01	-5.14569E+00
-1.25581E+00	-9.03252E+01	-1.42810E+01	-5.00275E+00
-1.41254E+00	-8.33954E+01	-1.31822E+01	-4.89130E+00
-1.56918E+00	-7.74196E+01	-1.23019E+01	-4.80188E+00
-1.72573E+00	-7.22368E+01	-1.15809E+01	-4.72845E+00
-1.88217E+00	-6.77141E+01	-1.09793E+01	-4.66699E+00
-2.03849E+00	-6.37433E+01	-1.04699E+01	-4.61472E+00
-2.19469E+00	-6.02360E+01	-1.00328E+01	-4.56964E+00
-2.35075E+00	-5.71205E+01	-9.65355E+00	-4.53030E+00
-2.50666E+00	-5.43380E+01	-9.32141E+00	-4.49560E+00
-2.66243E+00	-5.18402E+01	-9.02803E+00	-4.46470E+00
-2.81802E+00	-4.95873E+01	-8.76695E+00	-4.43697E+00
-2.97345E+00	-4.75464E+01	-8.53306E+00	-4.41187E+00
-3.12869E+00	-4.56898E+01	-8.32228E+00	-4.38901E+00
-3.28374E+00	-4.39944E+01	-8.13130E+00	-4.36805E+00
-3.43858E+00	-4.24406E+01	-7.95741E+00	-4.34871E+00
-3.59321E+00	-4.10119E+01	-7.79838E+00	-4.33077E+00
-3.74763E+00	-3.96940E+01	-7.65233E+00	-4.31405E+00
-3.90181E+00	-3.84749E+01	-7.51770E+00	-4.29838E+00
-4.05575E+00	-3.73440E+01	-7.39316E+00	-4.28364E+00
-4.20944E+00	-3.62923E+01	-7.27759E+00	-4.26970E+00
-4.36286E+00	-3.53118E+01	-7.17001E+00	-4.25648E+00
-4.51603E+00	-3.43958E+01	-7.06959E+00	-4.24389E+00
-4.66891E+00	-3.35381E+01	-6.97561E+00	-4.23185E+00
-4.82150E+00	-3.27334E+01	-6.88743E+00	-4.22030E+00
-4.97380E+00	-3.19771E+01	-6.80450E+00	-4.20919E+00
-5.12579E+00	-3.12649E+01	-6.72634E+00	-4.19847E+00
-5.27746E+00	-3.05931E+01	-6.65252E+00	-4.18809E+00
-5.42881E+00	-2.99585E+01	-6.58266E+00	-4.17802E+00
-5.57982E+00	-2.93580E+01	-6.51642E+00	-4.16822E+00
-5.73049E+00	-2.87891E+01	-6.45350E+00	-4.15866E+00
-5.88081E+00	-2.82493E+01	-6.39364E+00	-4.14931E+00
-6.03076E+00	-2.77365E+01	-6.33659E+00	-4.14016E+00
-6.18034E+00	-2.72487E+01	-6.28213E+00	-4.13117E+00
-6.32954E+00	-2.67842E+01	-6.23008E+00	-4.12234E+00
-6.47835E+00	-2.63413E+01	-6.18024E+00	-4.11363E+00
-6.62676E+00	-2.59186E+01	-6.13246E+00	-4.10504E+00
-6.77476E+00	-2.55148E+01	-6.08659E+00	-4.09655E+00
-6.92234E+00	-2.51286E+01	-6.04251E+00	-4.08814E+00
-7.06950E+00	-2.47589E+01	-6.00008E+00	-4.07980E+00
-7.21622E+00	-2.44047E+01	-5.95919E+00	-4.07153E+00
-7.36249E+00	-2.40651E+01	-5.91976E+00	-4.06331E+00
-7.50831E+00	-2.37392E+01	-5.88167E+00	-4.05513E+00
-7.65367E+00	-2.34261E+01	-5.84484E+00	-4.04698E+00
-7.79855E+00	-2.31252E+01	-5.80920E+00	-4.03886E+00
-7.94296E+00	-2.28358E+01	-5.77467E+00	-4.03076E+00
-8.08687E+00	-2.25572E+01	-5.74119E+00	-4.02266E+00
-8.23029E+00	-2.22889E+01	-5.70868E+00	-4.01457E+00
-8.37319E+00	-2.20303E+01	-5.67709E+00	-4.00647E+00
-8.51559E+00	-2.17809E+01	-5.64637E+00	-3.99837E+00
-8.65745E+00	-2.15402E+01	-5.61647E+00	-3.99025E+00
-8.79878E+00	-2.13078E+01	-5.58734E+00	-3.98211E+00
-8.93957E+00	-2.10833E+01	-5.55893E+00	-3.97395E+00
-9.07981E+00	-2.08663E+01	-5.53121E+00	-3.96576E+00
-9.21949E+00	-2.06564E+01	-5.50413E+00	-3.95754E+00
-9.35860E+00	-2.04534E+01	-5.47767E+00	-3.94928E+00
-9.49713E+00	-2.02568E+01	-5.45178E+00	-3.94098E+00
-9.63507E+00	-2.00664E+01	-5.42644E+00	-3.93264E+00
-9.77242E+00	-1.98820E+01	-5.40161E+00	-3.92425E+00
-9.90917E+00	-1.97032E+01	-5.37728E+00	-3.91581E+00
-1.00453E+01	-1.95298E+01	-5.35340E+00	-3.90732E+00
-1.01808E+01	-1.93616E+01	-5.32997E+00	-3.89877E+00
-1.03157E+01	-1.91983E+01	-5.30694E+00	-3.89016E+00
-1.04500E+01	-1.90399E+01	-5.28431E+00	-3.88149E+00
-1.05836E+01	-1.88860E+01	-5.26206E+00	-3.87276E+00
-1.07165E+01	-1.87364E+01	-5.24015E+00	-3.86396E+00
-1.08488E+01	-1.85911E+01	-5.21858E+00	-3.85509E+00
-1.09805E+01	-1.84499E+01	-5.19733E+00	-3.84615E+00
-1.11114E+01	-1.83126E+01	-5.17638E+00	-3.83714E+00
-1.12417E+01	-1.81790E+01	-5.15571E+00	-3.82805E+00
-1.13712E+01	-1.80490E+01	-5.13531E+00	-3.81888E+00
-1.15001E+01	-1.79225E+01	-5.11517E+00	-3.80964E+00
-1.16283E+01	-1.77994E+01	-5.09527E+00	-3.80031E+00
-1.17557E+01	-1.76795E+01	-5.07559E+00	-3.79090E+00
-1.18824E+01	-1.75627E+01	-5.05614E+00	-3.78141E+00
-1.20084E+01	-1.74490E+01	-5.03689E+00	-3.77182E+00
-1.21336E+01	-1.73382E+01	-5.01783E+00	-3.76216E+00
-1.22581E+01	-1.72303E+01	-4.99896E+00	-3.75240E+00
-1.23819E+01	-1.71250E+01	-4.98026E+00	-3.74254E+00
-1.25049E+01	-1.70225E+01	-4.96173E+00	-3.73260E+00
-1.26271E+01	-1.69225E+01	-4.94335E+00	-3.72256E+00
-1.27485E+01	-1.68250E+01	-4.92512E+00	-3.71242E+00
-1.28691E+01	-1.67299E+01	-4.90702E+00	-3.70219E+00
-1.29890E+01	-1.66372E+01	-4.88906E+00	-3.69185E+00
-1.31080E+01	-1.65468E+01	-4.87122E+00	-3.68142E+00
-1.32262E+01	-1.64585E+01	-4.85349E+00	-3.67088E+00
-1.33437E+01	-1.63725E+01	-4.83587E+00	-3.66024E+00
-1.34603E+01	-1.62885E+01	-4.81835E+00	-3.64949E+00
-1.35760E+01	-1.62066E+01	-4.80093E+00	-3.63863E+00
-1.36909E+01	-1.61267E+01	-4.78359E+00	-3.62767E+00
-1.38050E+01	-1.60488E+01	-4.76633E+00	-3.61659E+00
-1.39183E+01	-1.59727E+01	-4.74916E+00	-3.60540E+00
-1.40306E+01	-1.58985E+01	-4.73205E+00	-3.59410E+00
-1.41421E+01	-1.58262E+01	-4.71501E+00	-3.58268E+00
-1.42528E+01	-1.57556E+01	-4.69803E+00	-3.57115E+00
-1.43625E+01	-1.56867E+01	-4.68110E+00	-3.55950E+00
-1.44714E+01	-1.56195E+01	-4.66422E+00	-3.54772E+00
-1.45794E+01	-1.55541E+01	-4.64740E+00	-3.53583E+00
-1.46865E+01	-1.54902E+01	-4.63061E+00	-3.52381E+00
-1.47926E+01	-1.54280E+01	-4.61386E+00	-3.51167E+00
-1.48979E+01	-1.53673E+01	-4.59714E+00	-3.49940E+00
-1.50022E+01	-1.53082E+01	-4.58045E+00	-3.48701E+00
-1.51056E+01	-1.52506E+01	-4.56379E+00	-3.47448E+00
-1.52081E+01	-1.51945E+01	-4.54715E+00	-3.46183E+00
-1.53097E+01	-1.51399E+01	-4.53053E+00	-3.44904E+00
-1.54103E+01	-1.50868E+01	-4.51393E+00	-3.43611E+00
-1.55099E+01	-1.50351E+01	-4.49733E+00	-3.42305E+00
-1.56086E+01	-1.49849E+01	-4.48075E+00	-3.40985E+00
-1.57063E+01	-1.49361E+01	-4.46416E+00	-3.39650E+00
-1.58031E+01	-1.48887E+01	-4.44759E+00	-3.38302E+00
-1.58989E+01	-1.48427E+01	-4.43101E+00	-3.36939E+00
-1.59937E+01	-1.47980E+01	-4.41443E+00	-3.35561E+00
-1.60875E+01	-1.47548E+01	-4.39784E+00	-3.34168E+00
-1.61803E+01	-1.47129E+01	-4.38124E+00	-3.32761E+00
-1.62722E+01	-1.46723E+01	-4.36463E+00	-3.31338E+00
-1.63630E+01	-1.46332E+01	-4.34801E+00	-3.29899E+00
-1.64528E+01	-1.45954E+01	-4.33138E+00	-3.28445E+00
-1.65416E+01	-1.45589E+01	-4.31473E+00	-3.26974E+00
-1.66294E+01	-1.45238E+01	-4.29805E+00	-3.25488E+00
-1.67161E+01	-1.44901E+01	-4.28136E+00	-3.23984E+00
-1.68019E+01	-1.44578E+01	-4.26464E+00	-3.22464E+00
-1.68866E+01	-1.44268E+01	-4.24790E+00	-3.20927E+00
-1.69702E+01	-1.43972E+01	-4.23113E+00	-3.19372E+00
-1.70528E+01	-1.43690E+01	-4.21434E+00	-3.17800E+00
-1.71344E+01	-1.43423E+01	-4.19751E+00	-3.16210E+00
-1.72148E+01	-1.43169E+01	-4.18065E+00	-3.14602E+00
-1.72943E+01	-1.42930E+01	-4.16376E+00	-3.12975E+00
-1.73726E+01	-1.42706E+01	-4.14684E+00	-3.11329E+00
-1.74499E+01	-1.42496E+01	-4.12988E+00	-3.09663E+00
-1.75261E+01	-1.42302E+01	-4.11289E+00	-3.07978E+00
-1.76013E+01	-1.42123E+01	-4.09587E+00	-3.06274E+00
-1.76753E+01	-1.41960E+01	-4.07880E+00	-3.04548E+00
-1.77483E+01	-1.41812E+01	-4.06171E+00	-3.02802E+00
-1.78201E+01	-1.41681E+01	-4.04457E+00	-3.01035E+00
-1.78909E+01	-1.41567E+01	-4.02740E+00	-2.99246E+00
-1.79606E+01	-1.41471E+01	-4.01019E+00	-2.97435E+00
-1.80291E+01	-1.41392E+01	-3.99295E+00	-2.95602E+00
-1.80965E+01	-1.41331E+01	-3.97567E+00	-2.93745E+00
-1.81629E+01	-1.41289E+01	-3.95836E+00	-2.91865E+00
-1.82281E+01	-1.41267E+01	-3.94102E+00	-2.89960E+00
-1.82921E+01	-1.41264E+01	-3.92365E+00	-2.88031E+00
-1.83551E+01	-1.41283E+01	-3.90625E+00	-2.86077E+00
-1.84169E+01	-1.41324E+01	-3.88882E+00	-2.84097E+00
-1.84776E+01	-1.41387E+01	-3.87136E+00	-2.82090E+00
-1.85371E+01	-1.41473E+01	-3.85389E+00	-2.80056E+00
-1.85955E+01	-1.41585E+01	-3.83640E+00	-2.77995E+00
-1.86528E+01	-1.41721E+01	-3.81890E+00	-2.75904E+00
-1.87089E+01	-1.41885E+01	-3.80139E+00	-2.73784E+00
-1.87638E+01	-1.42077E+01	-3.78388E+00	-2.71634E+00
-1.88176E+01	-1.42299E+01	-3.76638E+00	-2.69453E+00
-1.88702E+01	-1.42552E+01	-3.74889E+00	-2.67239E+00
-1.89217E+01	-1.42838E+01	-3.73141E+00	-2.64993E+00
-1.89720E+01	-1.43160E+01	-3.71397E+00	-2.62713E+00
-1.90211E+01	-1.43518E+01	-3.69657E+00	-2.60397E+00
-1.90691E+01	-1.43915E+01	-3.67923E+00	-2.58045E+00
-1.91159E+01	-1.44354E+01	-3.66195E+00	-2.55656E+00
-1.91615E+01	-1.44838E+01	-3.64476E+00	-2.53228E+00
-1.92059E+01	-1.45369E+01	-3.62767E+00	-2.50759E+00
-1.92491E+01	-1.45951E+01	-3.61070E+00	-2.48249E+00
-1.92911E+01	-1.46588E+01	-3.59388E+00	-2.45696E+00
-1.93320E+01	-1.47283E+01	-3.57723E+00	-2.43098E+00
-1.93717E+01	-1.48042E+01	-3.56079E+00	-2.40453E+00
-1.94101E+01	-1.48869E+01	-3.54459E+00	-2.37759E+00
-1.94474E+01	-1.49770E+01	-3.52867E+00	-2.35015E+00
-1.94835E+01	-1.50752E+01	-3.51308E+00	-2.32218E+00
-1.95183E+01	-1.51821E+01	-3.49787E+00	-2.29365E+00
-1.95520E+01	-1.52986E+01	-3.48310E+00	-2.26455E+00
-1.95845E+01	-1.54256E+01	-3.46886E+00	-2.23484E+00
-1.96157E+01	-1.55642E+01	-3.45522E+00	-2.20449E+00
-1.96457E+01	-1.57154E+01	-3.44228E+00	-2.17347E+00
-1.96746E+01	-1.58808E+01	-3.43017E+00	-2.14175E+00
-1.97022E+01	-1.60618E+01	-3.41903E+00	-2.10928E+00
-1.97286E+01	-1.62602E+01	-3.40902E+00	-2.07602E+00
-1.97538E+01	-1.64782E+01	-3.40035E+00	-2.04192E+00
-1.97777E+01	-1.67182E+01	-3.39327E+00	-2.00694E+00
-1.98005E+01	-1.69830E+01	-3.38807E+00	-1.97101E+00
-1.98220E+01	-1.72760E+01	-3.38512E+00	-1.93408E+00
-1.98423E+01	-1.76012E+01	-3.38490E+00	-1.89607E+00
-1.98614E+01	-1.79633E+01	-3.38796E+00	-1.85690E+00
-1.98792E+01	-1.83679E+01	-3.39507E+00	-1.81650E+00
-1.98958E+01	-1.88218E+01	-3.40717E+00	-1.77478E+00
-1.99112E+01	-1.93330E+01	-3.42554E+00	-1.73162E+00
-1.99254E+01	-1.99111E+01	-3.45186E+00	-1.68692E+00
-1.99383E+01	-2.05673E+01	-3.48847E+00	-1.64058E+00
-1.99501E+01	-2.13144E+01	-3.53867E+00	-1.59248E+00
-1.99605E+01	-2.21659E+01	-3.60727E+00	-1.54254E+00
-1.99698E+01	-2.31336E+01	-3.70161E+00	-1.49074E+00
-1.99778E+01	-2.42209E+01	-3.83340E+00	-1.43720E+00
-1.99846E+01	-2.54058E+01	-4.02271E+00	-1.38244E+00
-1.99901E+01	-2.65949E+01	-4.30652E+00	-1.32774E+00
-1.99944E+01	-2.61076E+01	-4.51891E+00	-1.21154E+00
-1.99975E+01	-2.21075E+01	-4.50350E+00	-1.00146E+00
-1.99994E+01	-1.36367E+01	-4.19134E+00	-7.24797E-01
-2.00000E+01	1.12987E-09	1.12987E-09	1.12987E-09
-1.99994E+01	1.83050E+01	2.77503E+01	3.12169E+01
-1.99975E+01	3.90433E+01	5.66473E+01	6.01493E+01
-1.99944E+01	5.87888E+01	8.03775E+01	8.36849E+01
-1.99901E+01	7.38562E+01	9.61446E+01	9.91233E+01
-1.99846E+01	8.44345E+01	1.05818E+02	1.08458E+02
-1.99778E+01	9.39238E+01	1.14311E+02	1.16708E+02
-1.99698E+01	1.02519E+02	1.21951E+02	1.24161E+02
-1.99605E+01	1.10372E+02	1.28931E+02	1.30995E+02
-1.99501E+01	1.17607E+02	1.35383E+02	1.37329E+02
-1.99383E+01	1.24323E+02	1.41402E+02	1.43250E+02
-1.99254E+01	1.30597E+02	1.47056E+02	1.48821E+02
-1.99112E+01	1.36491E+02	1.52398E+02	1.54092E+02
-1.98958E+01	1.42055E+02	1.57470E+02	1.59102E+02
-1.98792E+01	1.47331E+02	1.62304E+02	1.63882E+02
-1.98614E+01	1.52352E+02	1.66927E+02	1.68458E+02
-1.98423E+01	1.57145E+02	1.71362E+02	1.72851E+02
-1.98220E+01	1.61736E+02	1.75627E+02	1.77078E+02
-1.98005E+01	1.66142E+02	1.79737E+02	1.81154E+02
-1.97777E+01	1.70382E+02	1.83707E+02	1.85093E+02
-1.97538E+01	1.74470E+02	1.87548E+02	1.88906E+02
-1.97286E+01	1.78418E+02	1.91269E+02	1.92602E+02
-1.97022E+01	1.82238E+02	1.94881E+02	1.96190E+02
-1.96746E+01	1.85939E+02	1.98389E+02	1.99678E+02
-1.96457E+01	1.89530E+02	2.01803E+02	2.03072E+02
-1.96157E+01	1.93018E+02	2.05127E+02	2.06377E+02
-1.95845E+01	1.96410E+02	2.08367E+02	2.09601E+02
-1.95520E+01	1.99712E+02	2.11527E+02	2.12746E+02
-1.95183E+01	2.02930E+02	2.14614E+02	2.15818E+02
-1.94835E+01	2.06068E+02	2.17630E+02	2.18821E+02
-1.94474E+01	2.09130E+02	2.20579E+02	2.21757E+02
-1.94101E+01	2.12122E+02	2.23464E+02	2.24631E+02
-1.93717E+01	2.15046E+02	2.26290E+02	2.27446E+02
-1.93320E+01	2.17906E+02	2.29057E+02	2.30204E+02
-1.92911E+01	2.20705E+02	2.31770E+02	2.32907E+02
-1.92491E+01	2.23446E+02	2.34430E+02	2.35559E+02
-1.92059E+01	2.26131E+02	2.37040E+02	2.38160E+02
-1.91615E+01	2.28763E+02	2.39602E+02	2.40714E+02
-1.91159E+01	2.31344E+02	2.42117E+02	2.43223E+02
-1.90691E+01	2.33876E+02	2.44588E+02	2.45687E+02
-1.90211E+01	2.36360E+02	2.47015E+02	2.48108E+02
-1.89720E+01	2.38800E+02	2.49402E+02	2.50489E+02
-1.89217E+01	2.41196E+02	2.51748E+02	2.52829E+02
-1.88702E+01	2.43549E+02	2.54056E+02	2.55132E+02
-1.88176E+01	2.45863E+02	2.56326E+02	2.57398E+02
-1.87638E+01	2.48136E+02	2.58560E+02	2.59628E+02
-1.87089E+01	2.50372E+02	2.60759E+02	2.61823E+02
-1.86528E+01	2.52571E+02	2.62925E+02	2.63985E+02
-1.85955E+01	2.54735E+02	2.65057E+02	2.66113E+02
-1.85371E+01	2.56864E+02	2.67157E+02	2.68211E+02
-1.84776E+01	2.58959E+02	2.69226E+02	2.70277E+02
-1.84169E+01	2.61022E+02	2.71265E+02	2.72313E+02
-1.83551E+01	2.63052E+02	2.73275E+02	2.74320E+02
-1.82921E+01	2.65052E+02	2.75255E+02	2.76298E+02
-1.82281E+01	2.67022E+02	2.77208E+02	2.78249E+02
-1.81629E+01	2.68963E+02	2.79133E+02	2.80173E+02
-1.80965E+01	2.70874E+02	2.81032E+02	2.82070E+02
-1.80291E+01	2.72758E+02	2.82904E+02	2.83941E+02
-1.79606E+01	2.74614E+02	2.84751E+02	2.85787E+02
-1.78909E+01	2.76444E+02	2.86573E+02	2.87608E+02
-1.78201E+01	2.78248E+02	2.88371E+02	2.89406E+02
-1.77483E+01	2.80026E+02	2.90145E+02	2.91179E+02
-1.76753E+01	2.81779E+02	2.91896E+02	2.92929E+02
-1.76013E+01	2.83507E+02	2.93624E+02	2.94657E+02
-1.75261E+01	2.85211E+02	2.95329E+02	2.96362E+02
-1.74499E+01	2.86892E+02	2.97012E+02	2.98045E+02
-1.73726E+01	2.88550E+02	2.98674E+02	2.99707E+02
-1.72943E+01	2.90185E+02	3.00314E+02	3.01348E+02
-1.72148E+01	2.91797E+02	3.01934E+02	3.02968E+02
-1.71344E+01	2.93388E+02	3.03533E+02	3.04568E+02
-1.70528E+01	2.94957E+02	3.05112E+02	3.06148E+02
-1.69702E+01	2.96505E+02	3.06671E+02	3.07708E+02
-1.68866E+01	2.98031E+02	3.08210E+02	3.09249E+02
-1.68019E+01	2.99538E+02	3.09731E+02	3.10771E+02
-1.67161E+01	3.01024E+02	3.11232E+02	3.12274E+02
-1.66294E+01	3.02490E+02	3.12715E+02	3.13759E+02
-1.65416E+01	3.03936E+02	3.14180E+02	3.15225E+02
-1.64528E+01	3.05363E+02	3.15627E+02	3.16674E+02
-1.63630E+01	3.06771E+02	3.17056E+02	3.18105E+02
-1.62722E+01	3.08159E+02	3.18467E+02	3.19518E+02
-1.61803E+01	3.09529E+02	3.19861E+02	3.20915E+02
-1.60875E+01	3.10881E+02	3.21238E+02	3.22294E+02
-1.59937E+01	3.12214E+02	3.22598E+02	3.23657E+02
-1.58989E+01	3.13530E+02	3.23941E+02	3.25003E+02
-1.58031E+01	3.14827E+02	3.25268E+02	3.26333E+02
-1.57063E+01	3.16107E+02	3.26579E+02	3.27647E+02
-1.56086E+01	3.17370E+02	3.27874E+02	3.28945E+02
-1.55099E+01	3.18615E+02	3.29153E+02	3.30227E+02
-1.54103E+01	3.19843E+02	3.30416E+02	3.31494E+02
-1.53097E+01	3.21054E+02	3.31663E+02	3.32745E+02
-1.52081E+01	3.22248E+02	3.32896E+02	3.33981E+02
-1.51056E+01	3.23426E+02	3.34113E+02	3.35202E+02
-1.50022E+01	3.24587E+02	3.35315E+02	3.36408E+02
-1.48979E+01	3.25731E+02	3.36502E+02	3.37599E+02
-1.47926E+01	3.26860E+02	3.37674E+02	3.38776E+02
-1.46865E+01	3.27972E+02	3.38832E+02	3.39939E+02
-1.45794E+01	3.29068E+02	3.39975E+02	3.41087E+02
-1.44714E+01	3.30149E+02	3.41104E+02	3.42221E+02
-1.43625E+01	3.31213E+02	3.42219E+02	3.43340E+02
-1.42528E+01	3.32262E+02	3.43319E+02	3.44446E+02
-1.41421E+01	3.33295E+02	3.44406E+02	3.45539E+02
-1.40306E+01	3.34313E+02	3.45479E+02	3.46617E+02
-1.39183E+01	3.35315E+02	3.46538E+02	3.47682E+02
-1.38050E+01	3.36301E+02	3.47584E+02	3.48733E+02
-1.36909E+01	3.37273E+02	3.48616E+02	3.49772E+02
-1.35760E+01	3.38229E+02	3.49634E+02	3.50797E+02
-1.34603E+01	3.39169E+02	3.50640E+02	3.51809E+02
-1.33437E+01	3.40095E+02	3.51632E+02	3.52807E+02
-1.32262E+01	3.41006E+02	3.52611E+02	3.53793E+02
-1.31080E+01	3.41901E+02	3.53577E+02	3.54766E+02
-1.29890E+01	3.42781E+02	3.54529E+02	3.55727E+02
-1.28691E+01	3.43647E+02	3.55469E+02	3.56674E+02
-1.27485E+01	3.44497E+02	3.56397E+02	3.57609E+02
-1.26271E+01	3.45332E+02	3.57311E+02	3.58532E+02
-1.25049E+01	3.46152E+02	3.58213E+02	3.59442E+02
-1.23819E+01	3.46958E+02	3.59103E+02	3.60340E+02
-1.22581E+01	3.47748E+02	3.59979E+02	3.61226E+02
-1.21336E+01	3.48523E+02	3.60844E+02	3.62100E+02
-1.20084E+01	3.49284E+02	3.61696E+02	3.62961E+02
-1.18824E+01	3.50029E+02	3.62536E+02	3.63810E+02
-1.17557E+01	3.50759E+02	3.63363E+02	3.64648E+02
-1.16283E+01	3.51474E+02	3.64178E+02	3.65473E+02
-1.15001E+01	3.52174E+02	3.64982E+02	3.66287E+02
-1.13712E+01	3.52859E+02	3.65773E+02	3.67089E+02
-1.12417E+01	3.53529E+02	3.66552E+02	3.67879E+02
-1.11114E+01	3.54183E+02	3.67319E+02	3.68658E+02
-1.09805E+01	3.54821E+02	3.68074E+02	3.69425E+02
-1.08488E+01	3.55445E+02	3.68817E+02	3.70181E+02
-1.07165E+01	3.56052E+02	3.69549E+02	3.70925E+02
-1.05836E+01	3.56644E+02	3.70268E+02	3.71658E+02
-1.04500E+01	3.57221E+02	3.70976E+02	3.72379E+02
-1.03157E+01	3.57781E+02	3.71672E+02	3.73089E+02
-1.01808E+01	3.58325E+02	3.72356E+02	3.73788E+02
-1.00453E+01	3.58853E+02	3.73029E+02	3.74475E+02
-9.90917E+00	3.59364E+02	3.73690E+02	3.75152E+02
-9.77242E+00	3.59859E+02	3.74339E+02	3.75817E+02
-9.63507E+00	3.60337E+02	3.74977E+02	3.76471E+02
-9.49713E+00	3.60798E+02	3.75603E+02	3.77114E+02
-9.35860E+00	3.61242E+02	3.76218E+02	3.77746E+02
-9.21949E+00	3.61668E+02	3.76821E+02	3.78367E+02
-9.07981E+00	3.62077E+02	3.77412E+02	3.78978E+02
-8.93957E+00	3.62468E+02	3.77992E+02	3.79577E+02
-8.79878E+00	3.62840E+02	3.78560E+02	3.80165E+02
-8.65745E+00	3.63193E+02	3.79117E+02	3.80743E+02
-8.51559E+00	3.63527E+02	3.79662E+02	3.81310E+02
-8.37319E+00	3.63842E+02	3.80196E+02	3.81866E+02
-8.23029E+00	3.64137E+02	3.80717E+02	3.82412E+02
-8.08687E+00	3.64412E+02	3.81228E+02	3.82946E+02
-7.94296E+00	3.64665E+02	3.81726E+02	3.83470E+02
-7.79855E+00	3.64897E+02	3.82213E+02	3.83984E+02
-7.65367E+00	3.65107E+02	3.82689E+02	3.84486E+02
-7.50831E+00	3.65295E+02	3.83152E+02	3.84979E+02
-7.36249E+00	3.65458E+02	3.83604E+02	3.85460E+02
-7.21622E+00	3.65598E+02	3.84044E+02	3.85931E+02
-7.06950E+00	3.65713E+02	3.84471E+02	3.86392E+02
-6.92234E+00	3.65801E+02	3.84887E+02	3.86842E+02
-6.77476E+00	3.65863E+02	3.85291E+02	3.87281E+02
-6.62676E+00	3.65897E+02	3.85683E+02	3.87710E+02
-6.47835E+00	3.65901E+02	3.86062E+02	3.88129E+02
-6.32954E+00	3.65875E+02	3.86429E+02	3.88537E+02
-6.18034E+00	3.65817E+02	3.86783E+02	3.88934E+02
-6.03076E+00	3.65725E+02	3.87125E+02	3.89321E+02
-5.88081E+00	3.65598E+02	3.87454E+02	3.89698E+02
-5.73049E+00	3.65434E+02	3.87769E+02	3.90064E+02
-5.57982E+00	3.65230E+02	3.88072E+02	3.90420E+02
-5.42881E+00	3.64985E+02	3.88360E+02	3.90765E+02
-5.27746E+00	3.64695E+02	3.88635E+02	3.91100E+02
-5.12579E+00	3.64358E+02	3.88896E+02	3.91424E+02
-4.97380E+00	3.63970E+02	3.89142E+02	3.91738E+02
-4.82150E+00	3.63528E+02	3.89374E+02	3.92041E+02
-4.66891E+00	3.63027E+02	3.89590E+02	3.92334E+02
-4.51603E+00	3.62464E+02	3.89790E+02	3.92616E+02
-4.36286E+00	3.61832E+02	3.89973E+02	3.92887E+02
-4.20944E+00	3.61125E+02	3.90140E+02	3.93148E+02
-4.05575E+00	3.60337E+02	3.90288E+02	3.93397E+02
-3.90181E+00	3.59460E+02	3.90417E+02	3.93636E+02
-3.74763E+00	3.58484E+02	3.90526E+02	3.93864E+02
-3.59321E+00	3.57400E+02	3.90614E+02	3.94081E+02
-3.43858E+00	3.56195E+02	3.90678E+02	3.94287E+02
-3.28374E+00	3.54855E+02	3.90718E+02	3.94481E+02
-3.12869E+00	3.53363E+02	3.90730E+02	3.94664E+02
-2.97345E+00	3.51700E+02	3.90713E+02	3.94834E+02
-2.81802E+00	3.49842E+02	3.90663E+02	3.94993E+02
-2.66243E+00	3.47763E+02	3.90575E+02	3.95139E+02
-2.50666E+00	3.45429E+02	3.90446E+02	3.95271E+02
-2.35075E+00	3.42800E+02	3.90267E+02	3.95390E+02
-2.19469E+00	3.39828E+02	3.90032E+02	3.95495E+02
-2.03849E+00	3.36455E+02	3.89728E+02	3.95584E+02
-1.88217E+00	3.32608E+02	3.89343E+02	3.95655E+02
-1.72573E+00	3.28199E+02	3.88855E+02	3.95708E+02
-1.56918E+00	3.23120E+02	3.88238E+02	3.95738E+02
-1.41254E+00	3.17239E+02	3.87452E+02	3.95743E+02
-1.25581E+00	3.10393E+02	3.86437E+02	3.95715E+02
-1.09900E+00	3.02392E+02	3.85101E+02	3.95647E+02
-9.42129E-01	2.93016E+02	3.83290E+02	3.95521E+02
-7.85196E-01	2.82032E+02	3.80730E+02	3.95309E+02
-6.28215E-01	2.69226E+02	3.76880E+02	3.94955E+02
-4.71195E-01	2.54471E+02	3.70511E+02	3.94326E+02
-3.14146E-01	2.37820E+02	3.58165E+02	3.93024E+02
-1.57078E-01	2.19615E+02	3.25870E+02	3.89066E+02
-1.31819E-12	2.00517E+02	2.00517E+02	2.00517E+02
1.57078E-01	1.81415E+02	7.51600E+01	1.19638E+01
3.14146E-01	1.63195E+02	4.28500E+01	7.99097E+00
4.71195E-01	1.46520E+02	3.04793E+01	6.66430E+00
6.28215E-01	1.31730E+02	2.40762E+01	6.00050E+00
7.85196E-01	1.18880E+02	2.01811E+01	5.60192E+00
9.42129E-01	1.07841E+02	1.75663E+01	5.33594E+00
1.09900E+00	9.84005E+01	1.56911E+01	5.14569E+00
1.25581E+00	9.03252E+01	1.42810E+01	5.00275E+00
1.41254E+00	8.33954E+01	1.31822E+01	4.89130E+00
1.56918E+00	7.74196E+01	1.23019E+01	4.80188E+00
1.72573E+00	7.22368E+01	1.15809E+01	4.72845E+00
1.88217E+00	6.77141E+01	1.09793E+01	4.66699E+00
2.03849E+00	6.37433E+01	1.04699E+01	4.61472E+00
2.19469E+00	6.02360E+01	1.00328E+01	4.56964E+00
2.35075E+00	5.71205E+01	9.65355E+00	4.53030E+00
2.50666E+00	5.43380E+01	9.32141E+00	4.49560E+00
2.66243E+00	5.18402E+01	9.02803E+00	4.46470E+00
2.81802E+00	4.95873E+01	8.76695E+00	4.43697E+00
2.97345E+00	4.75464E+01	8.53306E+00	4.41187E+00
3.12869E+00	4.56898E+01	8.32228E+00	4.38901E+00
3.28374E+00	4.39944E+01	8.13130E+00	4.36805E+00
3.43858E+00	4.24406E+01	7.95741E+00	4.34871E+00
3.59321E+00	4.10119E+01	7.79838E+00	4.33077E+00
3.74763E+00	3.96940E+01	7.65233E+00	4.31405E+00
3.90181E+00	3.84749E+01	7.51770E+00	4.29838E+00
4.05575E+00	3.73440E+01	7.39316E+00	4.28364E+00
4.20944E+00	3.62923E+01	7.27759E+00	4.26970E+00
4.36286E+00	3.53118E+01	7.17001E+00	4.25648E+00
4.51603E+00	3.43958E+01	7.06959E+00	4.24389E+00
4.66891E+00	3.35381E+01	6.97561E+00	4.23185E+00
4.82150E+00	3.27334E+01	6.88743E+00	4.22030E+00
4.97380E+00	3.19771E+01	6.80450E+00	4.20919E+00
5.12579E+00	3.12649E+01	6.72634E+00	4.19847E+00
5.27746E+00	3.05931E+01	6.65252E+00	4.18809E+00
5.42881E+00	2.99585E+01	6.58266E+00	4.17802E+00
5.57982E+00	2.93580E+01	6.51642E+00	4.16822E+00
5.73049E+00	2.87891E+01	6.45350E+00	4.15866E+00
5.88081E+00	2.82493E+01	6.39364E+00	4.14931E+00
6.03076E+00	2.77365E+01	6.33659E+00	4.14016E+00
6.18034E+00	2.72487E+01	6.28213E+00	4.13117E+00
6.32954E+00	2.67842E+01	6.23008E+00	4.12234E+00
6.47835E+00	2.63413E+01	6.18024E+00	4.11363E+00
6.62676E+00	2.59186E+01	6.13246E+00	4.10504E+00
6.77476E+00	2.55148E+01	6.08659E+00	4.09655E+00
6.92234E+00	2.51286E+01	6.04251E+00	4.08814E+00
7.06950E+00	2.47589E+01	6.00008E+00	4.07980E+00
7.21622E+00	2.44047E+01	5.95919E+00	4.07153E+00
7.36249E+00	2.40651E+01	5.91976E+00	4.06331E+00
7.50831E+00	2.37392E+01	5.88167E+00	4.05513E+00
7.65367E+00	2.34261E+01	5.84484E+00	4.04698E+00
7.79855E+00	2.31252E+01	5.80920E+00	4.03886E+00
7.94296E+00	2.28358E+01	5.77467E+00	4.03076E+00
8.08687E+00	2.25572E+01	5.74119E+00	4.02266E+00
8.23029E+00	2.22889E+01	5.70868E+00	4.01457E+00
8.37319E+00	2.20303E+01	5.67709E+00	4.00647E+00
8.51559E+00	2.17809E+01	5.64637E+00	3.99837E+00
8.65745E+00	2.15402E+01	5.61647E+00	3.99025E+00
8.79878E+00	2.13078E+01	5.58734E+00	3.98211E+00
8.93957E+00	2.10833E+01	5.55893E+00	3.97395E+00
9.07981E+00	2.08663E+01	5.53121E+00	3.96576E+00
9.21949E+00	2.06564E+01	5.50413E+00	3.95754E+00
9.35860E+00	2.04534E+01	5.47767E+00	3.94928E+00
9.49713E+00	2.02568E+01	5.45178E+00	3.94098E+00
9.63507E+00	2.00664E+01	5.42644E+00	3.93264E+00
9.77242E+00	1.98820E+01	5.40161E+00	3.92425E+00
9.90917E+00	1.97032E+01	5.37728E+00	3.91581E+00
1.00453E+01	1.95298E+01	5.35340E+00	3.90732E+00
1.01808E+01	1.93616E+01	5.32997E+00	3.89877E+00
1.03157E+01	1.91983E+01	5.30694E+00	3.89016E+00
1.04500E+01	1.90399E+01	5.28431E+00	3.88149E+00
1.05836E+01	1.88860E+01	5.26206E+00	3.87276E+00
1.07165E+01	1.87364E+01	5.24015E+00	3.86396E+00
1.08488E+01	1.85911E+01	5.21858E+00	3.85509E+00
1.09805E+01	1.84499E+01	5.19733E+00	3.84615E+00
1.11114E+01	1.83126E+01	5.17638E+00	3.83714E+00
1.12417E+01	1.81790E+01	5.15571E+00	3.82805E+00
1.13712E+01	1.80490E+01	5.13531E+00	3.81888E+00
1.15001E+01	1.79225E+01	5.11517E+00	3.80964E+00
1.16283E+01	1.77994E+01	5.09527E+00	3.80031E+00
1.17557E+01	1.76795E+01	5.07559E+00	3.79090E+00
1.18824E+01	1.75627E+01	5.05614E+00	3.78141E+00
1.20084E+01	1.74490E+01	5.03689E+00	3.77182E+00
1.21336E+01	1.73382E+01	5.01783E+00	3.76216E+00
1.22581E+01	1.72303E+01	4.99896E+00	3.75240E+00
1.23819E+01	1.71250E+01	4.98026E+00	3.74254E+00
1.25049E+01	1.70225E+01	4.96173E+00	3.73260E+00
1.26271E+01	1.69225E+01	4.94335E+00	3.72256E+00
1.27485E+01	1.68250E+01	4.92512E+00	3.71242E+00
1.28691E+01	1.67299E+01	4.90702E+00	3.70219E+00
1.29890E+01	1.66372E+01	4.88906E+00	3.69185E+00
1.31080E+01	1.65468E+01	4.87122E+00	3.68142E+00
1.32262E+01	1.64585E+01	4.85349E+00	3.67088E+00
1.33437E+01	1.63725E+01	4.83587E+00	3.66024E+00
1.34603E+01	1.62885E+01	4.81835E+00	3.64949E+00
1.35760E+01	1.62066E+01	4.80093E+00	3.63863E+00
1.36909E+01	1.61267E+01	4.78359E+00	3.62767E+00
1.38050E+01	1.60488E+01	4.76633E+00	3.61659E+00
1.39183E+01	1.59727E+01	4.74916E+00	3.60540E+00
1.40306E+01	1.58985E+01	4.73205E+00	3.59410E+00
1.41421E+01	1.58262E+01	4.71501E+00	3.58268E+00
1.42528E+01	1.57556E+01	4.69803E+00	3.57115E+00
1.43625E+01	1.56867E+01	4.68110E+00	3.55950E+00
1.44714E+01	1.56195E+01	4.66422E+00	3.54772E+00
1.45794E+01	1.55541E+01	4.64740E+00	3.53583E+00
1.46865E+01	1.54902E+01	4.63061E+00	3.52381E+00
1.47926E+01	1.54280E+01	4.61386E+00	3.51167E+00
1.48979E+01	1.53673E+01	4.59714E+00	3.49940E+00
1.50022E+01	1.53082E+01	4.58045E+00	3.48701E+00
1.51056E+01	1.52506E+01	4.56379E+00	3.47448E+00
1.52081E+01	1.51945E+01	4.54715E+00	3.46183E+00
1.53097E+01	1.51399E+01	4.53053E+00	3.44904E+00
1.54103E+01	1.50868E+01	4.51393E+00	3.43611E+00
1.55099E+01	1.50351E+01	4.49733E+00	3.42305E+00
1.56086E+01	1.49849E+01	4.48075E+00	3.40985E+00
1.57063E+01	1.49361E+01	4.46416E+00	3.39650E+00
1.58031E+01	1.48887E+01	4.44759E+00	3.38302E+00
1.58989E+01	1.48427E+01	4.43101E+00	3.36939E+00
1.59937E+01	1.47980E+01	4.41443E+00	3.35561E+00
1.60875E+01	1.47548E+01	4.39784E+00	3.34168E+00
1.61803E+01	1.47129E+01	4.38124E+00	3.32761E+00
1.62722E+01	1.46723E+01	4.36463E+00	3.31338E+00
1.63630E+01	1.46332E+01	4.34801E+00	3.29899E+00
1.64528E+01	1.45954E+01	4.33138E+00	3.28445E+00
1.65416E+01	1.45589E+01	4.31473E+00	3.26974E+00
1.66294E+01	1.45238E+01	4.29805E+00	3.25488E+00
1.67161E+01	1.44901E+01	4.28136E+00	3.23984E+00
1.68019E+01	1.44578E+01	4.26464E+00	3.22464E+00
1.68866E+01	1.44268E+01	4.24790E+00	3.20927E+00
1.69702E+01	1.43972E+01	4.23113E+00	3.19372E+00
1.70528E+01	1.43690E+01	4.21434E+00	3.17800E+00
1.71344E+01	1.43423E+01	4.19751E+00	3.16210E+00
1.72148E+01	1.43169E+01	4.18065E+00	3.14602E+00
1.72943E+01	1.42930E+01	4.16376E+00	3.12975E+00
1.73726E+01	1.42706E+01	4.14684E+00	3.11329E+00
1.74499E+01	1.42496E+01	4.12988E+00	3.09663E+00
1.75261E+01	1.42302E+01	4.11289E+00	3.07978E+00
1.76013E+01	1.42123E+01	4.09587E+00	3.06274E+00
1.76753E+01	1.41960E+01	4.07880E+00	3.04548E+00
1.77483E+01	1.41812E+01	4.06171E+00	3.02802E+00
1.78201E+01	1.41681E+01	4.04457E+00	3.01035E+00
1.78909E+01	1.41567E+01	4.02740E+00	2.99246E+00
1.79606E+01	1.41471E+01	4.01019E+00	2.97435E+00
1.80291E+01	1.41392E+01	3.99295E+00	2.95602E+00
1.80965E+01	1.41331E+01	3.97567E+00	2.93745E+00
1.81629E+01	1.41289E+01	3.95836E+00	2.91865E+00
1.82281E+01	1.41267E+01	3.94102E+00	2.89960E+00
1.82921E+01	1.41264E+01	3.92365E+00	2.88031E+00
1.83551E+01	1.41283E+01	3.90625E+00	2.86077E+00
1.84169E+01	1.41324E+01	3.88882E+00	2.84097E+00
1.84776E+01	1.41387E+01	3.87136E+00	2.82090E+00
1.85371E+01	1.41473E+01	3.85389E+00	2.80056E+00
1.85955E+01	1.41585E+01	3.83640E+00	2.77995E+00
1.86528E+01	1.41721E+01	3.81890E+00	2.75904E+00
1.87089E+01	1.41885E+01	3.80139E+00	2.73784E+00
1.87638E+01	1.42077E+01	3.78388E+00	2.71634E+00
1.88176E+01	1.42299E+01	3.76638E+00	2.69453E+00
1.88702E+01	1.42552E+01	3.74889E+00	2.67239E+00
1.89217E+01	1.42838E+01	3.73141E+00	2.64993E+00
1.89720E+01	1.43160E+01	3.71397E+00	2.62713E+00
1.90211E+01	1.43518E+01	3.69657E+00	2.60397E+00
1.90691E+01	1.43915E+01	3.67923E+00	2.58045E+00
1.91159E+01	1.44354E+01	3.66195E+00	2.55656E+00
1.91615E+01	1.44838E+01	3.64476E+00	2.53228E+00
1.92059E+01	1.45369E+01	3.62767E+00	2.50759E+00
1.92491E+01	1.45951E+01	3.61070E+00	2.48249E+00
1.92911E+01	1.46588E+01	3.59388E+00	2.45696E+00
1.93320E+01	1.47283E+01	3.57723E+00	2.43098E+00
1.93717E+01	1.48042E+01	3.56079E+00	2.40453E+00
1.94101E+01	1.48869E+01	3.54459E+00	2.37759E+00
1.94474E+01	1.49770E+01	3.52867E+00	2.35015E+00
1.94835E+01	1.50752E+01	3.51308E+00	2.32218E+00
1.95183E+01	1.51821E+01	3.49787E+00	2.29365E+00
1.95520E+01	1.52986E+01	3.48310E+00	2.26455E+00
1.95845E+01	1.54256E+01	3.46886E+00	2.23484E+00
1.96157E+01	1.55642E+01	3.45522E+00	2.20449E+00
1.96457E+01	1.57154E+01	3.44228E+00	2.17347E+00
1.96746E+01	1.58808E+01	3.43017E+00	2.14175E+00
1.97022E+01	1.60618E+01	3.41903E+00	2.10928E+00
1.97286E+01	1.62602E+01	3.40902E+00	2.07602E+00
1.97538E+01	1.64782E+01	3.40035E+00	2.04192E+00
1.97777E+01	1.67182E+01	3.39327E+00	2.00694E+00
1.98005E+01	1.69830E+01	3.38807E+00	1.97101E+00
1.98220E+01	1.72760E+01	3.38512E+00	1.93408E+00
1.98423E+01	1.76012E+01	3.38490E+00	1.89607E+00
1.98614E+01	1.79633E+01	3.38796E+00	1.85690E+00
1.98792E+01	1.83679E+01	3.39507E+00	1.81650E+00
1.98958E+01	1.88218E+01	3.40717E+00	1.77478E+00
1.99112E+01	1.93330E+01	3.42554E+00	1.73162E+00
1.99254E+01	1.99111E+01	3.45186E+00	1.68692E+00
1.99383E+01	2.05673E+01	3.48847E+00	1.64058E+00
1.99501E+01	2.13144E+01	3.53867E+00	1.59248E+00
1.99605E+01	2.21659E+01	3.60727E+00	1.54254E+00
1.99698E+01	2.31336E+01	3.70161E+00	1.49074E+00
1.99778E+01	2.42209E+01	3.83340E+00	1.43720E+00
1.99846E+01	2.54058E+01	4.02271E+00	1.38244E+00
1.99901E+01	2.65949E+01	4.30652E+00	1.32774E+00
1.99944E+01	2.61076E+01	4.51891E+00	1.21154E+00
1.99975E+01	2.21075E+01	4.50350E+00	1.00146E+00
1.99994E+01	1.36367E+01	4.19134E+00	7.24797E-01
2.00000E+01	1.34803E-11	1.34766E-11	1.51403E-11
