0.0000E+00	0.0000E+00	0.0000E+00	0.0000E+00
1.8036E-06	9.8195E-03	8.0156E-13	9.9998E-03
1.0756E-05	3.8922E-02	4.7734E-11	3.9997E-02
3.3812E-05	8.6605E-02	5.4173E-10	8.9986E-02
7.7672E-05	1.5219E-01	3.0420E-09	1.5996E-01
1.4879E-04	2.3502E-01	1.1601E-08	2.4989E-01
2.5339E-04	3.3445E-01	3.4631E-08	3.5978E-01
3.9744E-04	4.4986E-01	8.7301E-08	4.8959E-01
5.8672E-04	5.8065E-01	1.9446E-07	6.3930E-01
8.2676E-04	7.2623E-01	3.9411E-07	8.0887E-01
1.1229E-03	8.8604E-01	7.4133E-07	9.9826E-01
1.4803E-03	1.0595E+00	1.3128E-06	1.2074E+00
1.9038E-03	1.2462E+00	2.2120E-06	1.4363E+00
2.3982E-03	1.4454E+00	3.5744E-06	1.6849E+00
2.9680E-03	1.6568E+00	5.5737E-06	1.9530E+00
3.6177E-03	1.8798E+00	8.4287E-06	2.2407E+00
4.3513E-03	2.1140E+00	1.2410E-05	2.5479E+00
5.1730E-03	2.3588E+00	1.7847E-05	2.8743E+00
6.0866E-03	2.6139E+00	2.5139E-05	3.2200E+00
7.0958E-03	2.8787E+00	3.4758E-05	3.5848E+00
8.2041E-03	3.1530E+00	4.7266E-05	3.9687E+00
9.4149E-03	3.4362E+00	6.3315E-05	4.3713E+00
1.0732E-02	3.7279E+00	8.3666E-05	4.7927E+00
1.2157E-02	4.0278E+00	1.0919E-04	5.2326E+00
1.3695E-02	4.3354E+00	1.4090E-04	5.6908E+00
1.5347E-02	4.6504E+00	1.7992E-04	6.1671E+00
1.7116E-02	4.9725E+00	2.2755E-04	6.6613E+00
1.9006E-02	5.3011E+00	2.8524E-04	7.1732E+00
2.1018E-02	5.6361E+00	3.5461E-04	7.7025E+00
2.3156E-02	5.9771E+00	4.3747E-04	8.2489E+00
2.5420E-02	6.3236E+00	5.3583E-04	8.8120E+00
2.7814E-02	6.6754E+00	6.5191E-04	9.3916E+00
3.0339E-02	7.0322E+00	7.8815E-04	9.9873E+00
3.2998E-02	7.3936E+00	9.4724E-04	1.0599E+01
3.5792E-02	7.7594E+00	1.1321E-03	1.1225E+01
3.8723E-02	8.1292E+00	1.3459E-03	1.1867E+01
4.1792E-02	8.5026E+00	1.5922E-03	1.2523E+01
4.5002E-02	8.8795E+00	1.8746E-03	1.3192E+01
4.8354E-02	9.2595E+00	2.1972E-03	1.3875E+01
5.1850E-02	9.6424E+00	2.5644E-03	1.4571E+01
5.5490E-02	1.0028E+01	2.9808E-03	1.5279E+01
5.9275E-02	1.0415E+01	3.4513E-03	1.5998E+01
6.3209E-02	1.0805E+01	3.9812E-03	1.6728E+01
6.7290E-02	1.1196E+01	4.5762E-03	1.7468E+01
7.1521E-02	1.1589E+01	5.2422E-03	1.8217E+01
7.5903E-02	1.1983E+01	5.9854E-03	1.8975E+01
8.0436E-02	1.2378E+01	6.8123E-03	1.9740E+01
8.5121E-02	1.2774E+01	7.7300E-03	2.0513E+01
8.9960E-02	1.3169E+01	8.7455E-03	2.1291E+01
9.4952E-02	1.3565E+01	9.8664E-03	2.2074E+01
1.0010E-01	1.3961E+01	1.1100E-02	2.2861E+01
1.0540E-01	1.4357E+01	1.2455E-02	2.3651E+01
1.1086E-01	1.4752E+01	1.3940E-02	2.4444E+01
1.1648E-01	1.5146E+01	1.5562E-02	2.5237E+01
1.2225E-01	1.5538E+01	1.7331E-02	2.6030E+01
1.2818E-01	1.5930E+01	1.9255E-02	2.6822E+01
1.3427E-01	1.6320E+01	2.1344E-02	2.7612E+01
1.4051E-01	1.6708E+01	2.3605E-02	2.8399E+01
1.4692E-01	1.7094E+01	2.6049E-02	2.9180E+01
1.5348E-01	1.7477E+01	2.8684E-02	2.9957E+01
1.6020E-01	1.7858E+01	3.1520E-02	3.0727E+01
1.6709E-01	1.8236E+01	3.4565E-02	3.1488E+01
1.7413E-01	1.8611E+01	3.7827E-02	3.2241E+01
1.8133E-01	1.8983E+01	4.1316E-02	3.2984E+01
1.8869E-01	1.9352E+01	4.5040E-02	3.3716E+01
1.9621E-01	1.9716E+01	4.9007E-02	3.4436E+01
2.0388E-01	2.0077E+01	5.3225E-02	3.5143E+01
2.1172E-01	2.0434E+01	5.7700E-02	3.5836E+01
2.1972E-01	2.0786E+01	6.2439E-02	3.6514E+01
2.2787E-01	2.1134E+01	6.7449E-02	3.7176E+01
2.3619E-01	2.1477E+01	7.2736E-02	3.7822E+01
2.4466E-01	2.1815E+01	7.8305E-02	3.8450E+01
2.5328E-01	2.2147E+01	8.4160E-02	3.9060E+01
2.6207E-01	2.2475E+01	9.0306E-02	3.9651E+01
2.7101E-01	2.2796E+01	9.6745E-02	4.0223E+01
2.8010E-01	2.3113E+01	1.0348E-01	4.0775E+01
2.8935E-01	2.3423E+01	1.1051E-01	4.1307E+01
2.9876E-01	2.3726E+01	1.1785E-01	4.1818E+01
3.0832E-01	2.4024E+01	1.2548E-01	4.2308E+01
3.1803E-01	2.4315E+01	1.3341E-01	4.2777E+01
3.2789E-01	2.4600E+01	1.4164E-01	4.3225E+01
3.3790E-01	2.4877E+01	1.5016E-01	4.3651E+01
3.4806E-01	2.5148E+01	1.5898E-01	4.4056E+01
3.5837E-01	2.5412E+01	1.6810E-01	4.4439E+01
3.6882E-01	2.5668E+01	1.7749E-01	4.4801E+01
3.7942E-01	2.5917E+01	1.8718E-01	4.5141E+01
3.9016E-01	2.6158E+01	1.9713E-01	4.5461E+01
4.0105E-01	2.6392E+01	2.0737E-01	4.5760E+01
4.1207E-01	2.6618E+01	2.1786E-01	4.6039E+01
4.2323E-01	2.6836E+01	2.2862E-01	4.6297E+01
4.3453E-01	2.7046E+01	2.3963E-01	4.6536E+01
4.4597E-01	2.7248E+01	2.5089E-01	4.6756E+01
4.5753E-01	2.7442E+01	2.6238E-01	4.6957E+01
4.6923E-01	2.7627E+01	2.7411E-01	4.7140E+01
4.8106E-01	2.7805E+01	2.8606E-01	4.7305E+01
4.9301E-01	2.7973E+01	2.9821E-01	4.7453E+01
5.0509E-01	2.8134E+01	3.1058E-01	4.7585E+01
5.1728E-01	2.8286E+01	3.2314E-01	4.7700E+01
5.2960E-01	2.8429E+01	3.3588E-01	4.7800E+01
5.4203E-01	2.8564E+01	3.4881E-01	4.7886E+01
5.5457E-01	2.8690E+01	3.6190E-01	4.7957E+01
5.6723E-01	2.8807E+01	3.7515E-01	4.8015E+01
5.7999E-01	2.8916E+01	3.8855E-01	4.8060E+01
5.9285E-01	2.9017E+01	4.0209E-01	4.8093E+01
6.0582E-01	2.9108E+01	4.1576E-01	4.8114E+01
6.1888E-01	2.9191E+01	4.2956E-01	4.8123E+01
6.3204E-01	2.9266E+01	4.4347E-01	4.8123E+01
6.4529E-01	2.9332E+01	4.5749E-01	4.8112E+01
6.5862E-01	2.9389E+01	4.7160E-01	4.8092E+01
6.7204E-01	2.9439E+01	4.8580E-01	4.8063E+01
6.8554E-01	2.9479E+01	5.0008E-01	4.8025E+01
6.9911E-01	2.9512E+01	5.1443E-01	4.7980E+01
7.1275E-01	2.9536E+01	5.2884E-01	4.7927E+01
7.2647E-01	2.9552E+01	5.4331E-01	4.7867E+01
7.4024E-01	2.9560E+01	5.5783E-01	4.7801E+01
7.5408E-01	2.9560E+01	5.7239E-01	4.7729E+01
7.6797E-01	2.9552E+01	5.8698E-01	4.7651E+01
7.8191E-01	2.9536E+01	6.0159E-01	4.7568E+01
7.9590E-01	2.9513E+01	6.1623E-01	4.7481E+01
8.0993E-01	2.9482E+01	6.3087E-01	4.7388E+01
8.2400E-01	2.9444E+01	6.4553E-01	4.7292E+01
8.3811E-01	2.9399E+01	6.6018E-01	4.7192E+01
8.5224E-01	2.9346E+01	6.7482E-01	4.7088E+01
8.6640E-01	2.9286E+01	6.8945E-01	4.6981E+01
8.8058E-01	2.9220E+01	7.0406E-01	4.6871E+01
8.9477E-01	2.9146E+01	7.1864E-01	4.6759E+01
9.0897E-01	2.9066E+01	7.3320E-01	4.6644E+01
9.2318E-01	2.8979E+01	7.4771E-01	4.6527E+01
9.3740E-01	2.8886E+01	7.6218E-01	4.6408E+01
9.5160E-01	2.8787E+01	7.7661E-01	4.6287E+01
9.6581E-01	2.8682E+01	7.9098E-01	4.6164E+01
9.7999E-01	2.8571E+01	8.0530E-01	4.6040E+01
9.9417E-01	2.8454E+01	8.1955E-01	4.5915E+01
1.0083E+00	2.8331E+01	8.3374E-01	4.5789E+01
1.0224E+00	2.8203E+01	8.4785E-01	4.5662E+01
1.0365E+00	2.8069E+01	8.6189E-01	4.5534E+01
1.0506E+00	2.7930E+01	8.7584E-01	4.5405E+01
1.0646E+00	2.7786E+01	8.8972E-01	4.5276E+01
1.0786E+00	2.7637E+01	9.0350E-01	4.5146E+01
1.0925E+00	2.7483E+01	9.1719E-01	4.5016E+01
1.1064E+00	2.7324E+01	9.3078E-01	4.4885E+01
1.1202E+00	2.7161E+01	9.4426E-01	4.4755E+01
1.1340E+00	2.6993E+01	9.5765E-01	4.4624E+01
1.1476E+00	2.6820E+01	9.7092E-01	4.4493E+01
1.1613E+00	2.6643E+01	9.8408E-01	4.4362E+01
1.1748E+00	2.6462E+01	9.9713E-01	4.4231E+01
1.1883E+00	2.6277E+01	1.0101E+00	4.4099E+01
1.2017E+00	2.6088E+01	1.0229E+00	4.3968E+01
1.2150E+00	2.5895E+01	1.0355E+00	4.3838E+01
1.2282E+00	2.5698E+01	1.0481E+00	4.3707E+01
1.2413E+00	2.5497E+01	1.0605E+00	4.3576E+01
1.2543E+00	2.5292E+01	1.0728E+00	4.3446E+01
1.2672E+00	2.5084E+01	1.0849E+00	4.3315E+01
1.2800E+00	2.4872E+01	1.0969E+00	4.3185E+01
1.2927E+00	2.4657E+01	1.1087E+00	4.3055E+01
1.3053E+00	2.4438E+01	1.1204E+00	4.2925E+01
1.3178E+00	2.4216E+01	1.1320E+00	4.2795E+01
1.3301E+00	2.3990E+01	1.1434E+00	4.2665E+01
1.3423E+00	2.3761E+01	1.1546E+00	4.2535E+01
1.3544E+00	2.3529E+01	1.1657E+00	4.2405E+01
1.3664E+00	2.3293E+01	1.1766E+00	4.2275E+01
1.3782E+00	2.3054E+01	1.1873E+00	4.2145E+01
1.3899E+00	2.2812E+01	1.1979E+00	4.2014E+01
1.4015E+00	2.2567E+01	1.2083E+00	4.1884E+01
1.4129E+00	2.2318E+01	1.2185E+00	4.1753E+01
1.4242E+00	2.2066E+01	1.2286E+00	4.1622E+01
1.4353E+00	2.1811E+01	1.2385E+00	4.1490E+01
1.4463E+00	2.1553E+01	1.2482E+00	4.1358E+01
1.4571E+00	2.1292E+01	1.2577E+00	4.1225E+01
1.4677E+00	2.1027E+01	1.2671E+00	4.1092E+01
1.4782E+00	2.0759E+01	1.2763E+00	4.0957E+01
1.4886E+00	2.0488E+01	1.2852E+00	4.0822E+01
1.4988E+00	2.0213E+01	1.2940E+00	4.0685E+01
1.5088E+00	1.9936E+01	1.3026E+00	4.0548E+01
1.5186E+00	1.9654E+01	1.3111E+00	4.0408E+01
1.5283E+00	1.9370E+01	1.3193E+00	4.0267E+01
1.5378E+00	1.9082E+01	1.3273E+00	4.0125E+01
1.5471E+00	1.8790E+01	1.3352E+00	3.9980E+01
1.5562E+00	1.8495E+01	1.3429E+00	3.9833E+01
1.5652E+00	1.8196E+01	1.3503E+00	3.9684E+01
1.5740E+00	1.7894E+01	1.3576E+00	3.9532E+01
1.5826E+00	1.7588E+01	1.3647E+00	3.9377E+01
1.5910E+00	1.7278E+01	1.3716E+00	3.9220E+01
1.5992E+00	1.6964E+01	1.3783E+00	3.9058E+01
1.6073E+00	1.6646E+01	1.3848E+00	3.8894E+01
1.6151E+00	1.6324E+01	1.3911E+00	3.8725E+01
1.6228E+00	1.5998E+01	1.3972E+00	3.8552E+01
1.6302E+00	1.5668E+01	1.4032E+00	3.8374E+01
1.6375E+00	1.5334E+01	1.4089E+00	3.8191E+01
1.6446E+00	1.4995E+01	1.4145E+00	3.8003E+01
1.6515E+00	1.4651E+01	1.4199E+00	3.7809E+01
1.6581E+00	1.4303E+01	1.4251E+00	3.7609E+01
1.6646E+00	1.3950E+01	1.4301E+00	3.7403E+01
1.6709E+00	1.3592E+01	1.4349E+00	3.7190E+01
1.6770E+00	1.3229E+01	1.4396E+00	3.6969E+01
1.6829E+00	1.2861E+01	1.4441E+00	3.6740E+01
1.6885E+00	1.2488E+01	1.4484E+00	3.6503E+01
1.6940E+00	1.2109E+01	1.4525E+00	3.6257E+01
1.6993E+00	1.1725E+01	1.4565E+00	3.6002E+01
1.7043E+00	1.1335E+01	1.4603E+00	3.5737E+01
1.7092E+00	1.0939E+01	1.4640E+00	3.5462E+01
1.7139E+00	1.0538E+01	1.4675E+00	3.5176E+01
1.7183E+00	1.0130E+01	1.4708E+00	3.4878E+01
1.7225E+00	9.7161E+00	1.4740E+00	3.4569E+01
1.7266E+00	9.2958E+00	1.4771E+00	3.4247E+01
1.7304E+00	8.8690E+00	1.4800E+00	3.3912E+01
1.7340E+00	8.4356E+00	1.4827E+00	3.3563E+01
1.7374E+00	7.9953E+00	1.4854E+00	3.3201E+01
1.7406E+00	7.5481E+00	1.4879E+00	3.2824E+01
1.7436E+00	7.0937E+00	1.4903E+00	3.2431E+01
1.7464E+00	6.6321E+00	1.4925E+00	3.2023E+01
1.7490E+00	6.1631E+00	1.4946E+00	3.1599E+01
1.7514E+00	5.6866E+00	1.4967E+00	3.1158E+01
1.7535E+00	5.2024E+00	1.4986E+00	3.0700E+01
1.7555E+00	4.7105E+00	1.5003E+00	3.0224E+01
1.7572E+00	4.2105E+00	1.5020E+00	2.9730E+01
1.7588E+00	3.7025E+00	1.5036E+00	2.9217E+01
1.7601E+00	3.1863E+00	1.5051E+00	2.8685E+01
1.7612E+00	2.6618E+00	1.5065E+00	2.8134E+01
1.7621E+00	2.1289E+00	1.5078E+00	2.7562E+01
1.7628E+00	1.5874E+00	1.5090E+00	2.6970E+01
1.7633E+00	1.0373E+00	1.5101E+00	2.6356E+01
1.7636E+00	4.7852E-01	1.5112E+00	2.5722E+01
1.7637E+00	-8.9134E-02	1.5121E+00	2.5065E+01
1.7635E+00	-6.6570E-01	1.5130E+00	2.4387E+01
1.7632E+00	-1.2512E+00	1.5138E+00	2.3685E+01
1.7626E+00	-1.8459E+00	1.5146E+00	2.2961E+01
1.7619E+00	-2.4496E+00	1.5152E+00	2.2213E+01
1.7609E+00	-3.0625E+00	1.5158E+00	2.1441E+01
1.7597E+00	-3.6846E+00	1.5164E+00	2.0645E+01
1.7583E+00	-4.3160E+00	1.5169E+00	1.9824E+01
1.7567E+00	-4.9566E+00	1.5173E+00	1.8978E+01
1.7548E+00	-5.6066E+00	1.5177E+00	1.8107E+01
1.7528E+00	-6.2660E+00	1.5180E+00	1.7210E+01
1.7506E+00	-6.9346E+00	1.5183E+00	1.6287E+01
1.7481E+00	-7.6126E+00	1.5186E+00	1.5338E+01
1.7454E+00	-8.2999E+00	1.5188E+00	1.4361E+01
1.7425E+00	-8.9965E+00	1.5190E+00	1.3357E+01
1.7394E+00	-9.7024E+00	1.5191E+00	1.2326E+01
1.7361E+00	-1.0418E+01	1.5192E+00	1.1266E+01
1.7325E+00	-1.1142E+01	1.5193E+00	1.0178E+01
1.7288E+00	-1.1875E+01	1.5194E+00	9.0616E+00
1.7248E+00	-1.2618E+01	1.5194E+00	7.9158E+00
1.7206E+00	-1.3370E+01	1.5195E+00	6.7406E+00
1.7162E+00	-1.4130E+01	1.5195E+00	5.5356E+00
1.7115E+00	-1.4899E+01	1.5195E+00	4.3006E+00
1.7067E+00	-1.5678E+01	1.5195E+00	3.0352E+00
1.7016E+00	-1.6464E+01	1.5195E+00	1.7391E+00
1.6962E+00	-1.7260E+01	1.5195E+00	4.1220E-01
1.6907E+00	-1.8063E+01	1.5195E+00	-9.4569E-01
1.6849E+00	-1.8875E+01	1.5195E+00	-2.3345E+00
1.6789E+00	-1.9696E+01	1.5195E+00	-3.7540E+00
1.6727E+00	-2.0524E+01	1.5195E+00	-5.2039E+00
1.6663E+00	-2.1360E+01	1.5195E+00	-6.6837E+00
1.6596E+00	-2.2204E+01	1.5195E+00	-8.1929E+00
1.6526E+00	-2.3055E+01	1.5194E+00	-9.7311E+00
1.6455E+00	-2.3914E+01	1.5193E+00	-1.1297E+01
1.6381E+00	-2.4780E+01	1.5192E+00	-1.2891E+01
1.6305E+00	-2.5653E+01	1.5191E+00	-1.4512E+01
1.6226E+00	-2.6533E+01	1.5189E+00	-1.6158E+01
1.6145E+00	-2.7419E+01	1.5186E+00	-1.7828E+01
1.6061E+00	-2.8312E+01	1.5183E+00	-1.9522E+01
1.5976E+00	-2.9211E+01	1.5178E+00	-2.1239E+01
1.5887E+00	-3.0116E+01	1.5173E+00	-2.2976E+01
1.5796E+00	-3.1027E+01	1.5167E+00	-2.4733E+01
1.5703E+00	-3.1943E+01	1.5160E+00	-2.6509E+01
1.5607E+00	-3.2865E+01	1.5151E+00	-2.8300E+01
1.5509E+00	-3.3792E+01	1.5141E+00	-3.0107E+01
1.5408E+00	-3.4724E+01	1.5129E+00	-3.1926E+01
1.5305E+00	-3.5660E+01	1.5115E+00	-3.3757E+01
1.5199E+00	-3.6600E+01	1.5099E+00	-3.5597E+01
1.5091E+00	-3.7545E+01	1.5081E+00	-3.7444E+01
1.4980E+00	-3.8493E+01	1.5060E+00	-3.9296E+01
1.4866E+00	-3.9445E+01	1.5037E+00	-4.1150E+01
1.4750E+00	-4.0400E+01	1.5011E+00	-4.3006E+01
1.4631E+00	-4.1358E+01	1.4982E+00	-4.4859E+01
1.4510E+00	-4.2319E+01	1.4949E+00	-4.6708E+01
1.4386E+00	-4.3282E+01	1.4913E+00	-4.8550E+01
1.4259E+00	-4.4247E+01	1.4873E+00	-5.0383E+01
1.4130E+00	-4.5213E+01	1.4829E+00	-5.2203E+01
1.3998E+00	-4.6181E+01	1.4781E+00	-5.4009E+01
1.3863E+00	-4.7150E+01	1.4728E+00	-5.5798E+01
1.3725E+00	-4.8120E+01	1.4670E+00	-5.7566E+01
1.3585E+00	-4.9090E+01	1.4607E+00	-5.9312E+01
1.3442E+00	-5.0061E+01	1.4539E+00	-6.1032E+01
1.3296E+00	-5.1031E+01	1.4466E+00	-6.2724E+01
1.3148E+00	-5.2000E+01	1.4386E+00	-6.4385E+01
1.2996E+00	-5.2969E+01	1.4300E+00	-6.6011E+01
1.2842E+00	-5.3936E+01	1.4208E+00	-6.7602E+01
1.2685E+00	-5.4901E+01	1.4110E+00	-6.9153E+01
1.2525E+00	-5.5864E+01	1.4004E+00	-7.0662E+01
1.2362E+00	-5.6824E+01	1.3892E+00	-7.2126E+01
1.2196E+00	-5.7782E+01	1.3772E+00	-7.3543E+01
1.2027E+00	-5.8736E+01	1.3645E+00	-7.4910E+01
1.1855E+00	-5.9687E+01	1.3509E+00	-7.6225E+01
1.1681E+00	-6.0633E+01	1.3366E+00	-7.7486E+01
1.1503E+00	-6.1574E+01	1.3215E+00	-7.8689E+01
1.1322E+00	-6.2511E+01	1.3055E+00	-7.9833E+01
1.1139E+00	-6.3442E+01	1.2886E+00	-8.0915E+01
1.0952E+00	-6.4367E+01	1.2709E+00	-8.1934E+01
1.0762E+00	-6.5285E+01	1.2522E+00	-8.2887E+01
1.0569E+00	-6.6197E+01	1.2327E+00	-8.3772E+01
1.0373E+00	-6.7101E+01	1.2122E+00	-8.4588E+01
1.0174E+00	-6.7996E+01	1.1908E+00	-8.5333E+01
9.9715E-01	-6.8884E+01	1.1684E+00	-8.6005E+01
9.7658E-01	-6.9762E+01	1.1450E+00	-8.6603E+01
9.5570E-01	-7.0630E+01	1.1207E+00	-8.7126E+01
9.3448E-01	-7.1488E+01	1.0953E+00	-8.7573E+01
9.1294E-01	-7.2335E+01	1.0690E+00	-8.7943E+01
8.9106E-01	-7.3170E+01	1.0417E+00	-8.8235E+01
8.6884E-01	-7.3994E+01	1.0134E+00	-8.8449E+01
8.4628E-01	-7.4804E+01	9.8410E-01	-8.8586E+01
8.2337E-01	-7.5600E+01	9.5381E-01	-8.8645E+01
8.0011E-01	-7.6383E+01	9.2255E-01	-8.8627E+01
7.7650E-01	-7.7149E+01	8.9033E-01	-8.8533E+01
7.5252E-01	-7.7900E+01	8.5715E-01	-8.8364E+01
7.2818E-01	-7.8634E+01	8.2305E-01	-8.8121E+01
7.0347E-01	-7.9351E+01	7.8804E-01	-8.7808E+01
6.7837E-01	-8.0048E+01	7.5215E-01	-8.7425E+01
6.5290E-01	-8.0726E+01	7.1540E-01	-8.6976E+01
6.2703E-01	-8.1383E+01	6.7784E-01	-8.6464E+01
6.0076E-01	-8.2018E+01	6.3951E-01	-8.5892E+01
5.7409E-01	-8.2630E+01	6.0043E-01	-8.5264E+01
5.4700E-01	-8.3218E+01	5.6066E-01	-8.4584E+01
5.1948E-01	-8.3781E+01	5.2023E-01	-8.3856E+01
4.9153E-01	-8.4316E+01	4.7921E-01	-8.3084E+01
4.6313E-01	-8.4823E+01	4.3763E-01	-8.2273E+01
4.3427E-01	-8.5301E+01	3.9554E-01	-8.1428E+01
4.0494E-01	-8.5747E+01	3.5300E-01	-8.0553E+01
3.7513E-01	-8.6159E+01	3.1006E-01	-7.9653E+01
3.4481E-01	-8.6537E+01	2.6676E-01	-7.8732E+01
3.1398E-01	-8.6878E+01	2.2315E-01	-7.7795E+01
2.8262E-01	-8.7180E+01	1.7928E-01	-7.6846E+01
2.5071E-01	-8.7440E+01	1.3519E-01	-7.5888E+01
2.1823E-01	-8.7658E+01	9.0931E-02	-7.4927E+01
1.8517E-01	-8.7829E+01	4.6534E-02	-7.3966E+01
1.5149E-01	-8.7952E+01	2.0382E-03	-7.3007E+01
1.1718E-01	-8.8024E+01	-4.2521E-02	-7.2054E+01
8.2210E-02	-8.8042E+01	-8.7114E-02	-7.1109E+01
4.6560E-02	-8.8003E+01	-1.3171E-01	-7.0176E+01
1.0201E-02	-8.7904E+01	-1.7629E-01	-6.9255E+01
-2.6893E-02	-8.7743E+01	-2.2082E-01	-6.8350E+01
-6.4749E-02	-8.7515E+01	-2.6529E-01	-6.7461E+01
-1.0340E-01	-8.7218E+01	-3.0967E-01	-6.6591E+01
-1.4286E-01	-8.6849E+01	-3.5397E-01	-6.5739E+01
-1.8317E-01	-8.6405E+01	-3.9815E-01	-6.4907E+01
-2.2435E-01	-8.5882E+01	-4.4221E-01	-6.4096E+01
-2.6642E-01	-8.5278E+01	-4.8615E-01	-6.3305E+01
-3.0940E-01	-8.4591E+01	-5.2995E-01	-6.2536E+01
-3.5330E-01	-8.3819E+01	-5.7360E-01	-6.1789E+01
-3.9814E-01	-8.2960E+01	-6.1712E-01	-6.1062E+01
-4.4390E-01	-8.2016E+01	-6.6048E-01	-6.0358E+01
-4.9058E-01	-8.0986E+01	-7.0369E-01	-5.9674E+01
-5.3813E-01	-7.9873E+01	-7.4675E-01	-5.9011E+01
-5.8652E-01	-7.8683E+01	-7.8966E-01	-5.8369E+01
-6.3566E-01	-7.7421E+01	-8.3241E-01	-5.7747E+01
-6.8546E-01	-7.6099E+01	-8.7500E-01	-5.7144E+01
-7.3578E-01	-7.4728E+01	-9.1745E-01	-5.6561E+01
-7.8645E-01	-7.3325E+01	-9.5974E-01	-5.5996E+01
-8.3732E-01	-7.1905E+01	-1.0019E+00	-5.5450E+01
-8.8824E-01	-7.0484E+01	-1.0439E+00	-5.4920E+01
-9.3905E-01	-6.9074E+01	-1.0857E+00	-5.4408E+01
-9.8963E-01	-6.7690E+01	-1.1274E+00	-5.3912E+01
-1.0399E+00	-6.6340E+01	-1.1689E+00	-5.3432E+01
-1.0897E+00	-6.5033E+01	-1.2104E+00	-5.2967E+01
-1.1390E+00	-6.3774E+01	-1.2516E+00	-5.2516E+01
-1.1879E+00	-6.2566E+01	-1.2927E+00	-5.2080E+01
-1.2362E+00	-6.1410E+01	-1.3337E+00	-5.1657E+01
-1.2839E+00	-6.0306E+01	-1.3745E+00	-5.1247E+01
-1.3312E+00	-5.9253E+01	-1.4152E+00	-5.0850E+01
-1.3779E+00	-5.8249E+01	-1.4557E+00	-5.0465E+01
-1.4241E+00	-5.7293E+01	-1.4961E+00	-5.0091E+01
-1.4699E+00	-5.6384E+01	-1.5364E+00	-4.9728E+01
-1.5151E+00	-5.5518E+01	-1.5765E+00	-4.9376E+01
-1.5599E+00	-5.4694E+01	-1.6165E+00	-4.9034E+01
-1.6043E+00	-5.3909E+01	-1.6563E+00	-4.8702E+01
-1.6482E+00	-5.3162E+01	-1.6960E+00	-4.8380E+01
-1.6917E+00	-5.2449E+01	-1.7356E+00	-4.8066E+01
-1.7349E+00	-5.1770E+01	-1.7750E+00	-4.7761E+01
-1.7776E+00	-5.1122E+01	-1.8142E+00	-4.7464E+01
-1.8200E+00	-5.0502E+01	-1.8533E+00	-4.7176E+01
-1.8621E+00	-4.9910E+01	-1.8923E+00	-4.6895E+01
-1.9038E+00	-4.9344E+01	-1.9310E+00	-4.6621E+01
-1.9452E+00	-4.8801E+01	-1.9697E+00	-4.6355E+01
-1.9863E+00	-4.8280E+01	-2.0082E+00	-4.6095E+01
-2.0271E+00	-4.7779E+01	-2.0465E+00	-4.5842E+01
-2.0676E+00	-4.7298E+01	-2.0847E+00	-4.5595E+01
-2.1078E+00	-4.6835E+01	-2.1226E+00	-4.5354E+01
-2.1478E+00	-4.6389E+01	-2.1605E+00	-4.5119E+01
-2.1875E+00	-4.5958E+01	-2.1981E+00	-4.4890E+01
-2.2269E+00	-4.5542E+01	-2.2356E+00	-4.4666E+01
-2.2660E+00	-4.5139E+01	-2.2729E+00	-4.4448E+01
-2.3049E+00	-4.4749E+01	-2.3101E+00	-4.4234E+01
-2.3436E+00	-4.4370E+01	-2.3470E+00	-4.4026E+01
-2.3820E+00	-4.4002E+01	-2.3838E+00	-4.3822E+01
-2.4202E+00	-4.3644E+01	-2.4204E+00	-4.3623E+01
-2.4581E+00	-4.3295E+01	-2.4568E+00	-4.3428E+01
-2.4958E+00	-4.2955E+01	-2.4929E+00	-4.3237E+01
-2.5332E+00	-4.2623E+01	-2.5289E+00	-4.3051E+01
-2.5704E+00	-4.2299E+01	-2.5647E+00	-4.2868E+01
-2.6074E+00	-4.1981E+01	-2.6003E+00	-4.2690E+01
-2.6441E+00	-4.1670E+01	-2.6357E+00	-4.2515E+01
-2.6806E+00	-4.1364E+01	-2.6709E+00	-4.2343E+01
-2.7169E+00	-4.1064E+01	-2.7058E+00	-4.2175E+01
-2.7529E+00	-4.0769E+01	-2.7405E+00	-4.2011E+01
-2.7887E+00	-4.0479E+01	-2.7750E+00	-4.1850E+01
-2.8243E+00	-4.0193E+01	-2.8093E+00	-4.1692E+01
-2.8596E+00	-3.9911E+01	-2.8433E+00	-4.1537E+01
-2.8947E+00	-3.9632E+01	-2.8771E+00	-4.1385E+01
-2.9295E+00	-3.9357E+01	-2.9107E+00	-4.1237E+01
-2.9641E+00	-3.9085E+01	-2.9440E+00	-4.1091E+01
-2.9984E+00	-3.8815E+01	-2.9771E+00	-4.0948E+01
-3.0325E+00	-3.8548E+01	-3.0099E+00	-4.0807E+01
-3.0663E+00	-3.8283E+01	-3.0425E+00	-4.0669E+01
-3.0999E+00	-3.8020E+01	-3.0748E+00	-4.0534E+01
-3.1332E+00	-3.7758E+01	-3.1068E+00	-4.0402E+01
-3.1663E+00	-3.7499E+01	-3.1386E+00	-4.0271E+01
-3.1991E+00	-3.7240E+01	-3.1701E+00	-4.0144E+01
-3.2316E+00	-3.6983E+01	-3.2013E+00	-4.0018E+01
-3.2639E+00	-3.6726E+01	-3.2322E+00	-3.9895E+01
-3.2959E+00	-3.6470E+01	-3.2629E+00	-3.9775E+01
-3.3276E+00	-3.6215E+01	-3.2932E+00	-3.9656E+01
-3.3591E+00	-3.5960E+01	-3.3233E+00	-3.9540E+01
-3.3903E+00	-3.5706E+01	-3.3531E+00	-3.9426E+01
-3.4211E+00	-3.5451E+01	-3.3825E+00	-3.9314E+01
-3.4517E+00	-3.5196E+01	-3.4117E+00	-3.9204E+01
-3.4821E+00	-3.4942E+01	-3.4405E+00	-3.9096E+01
-3.5121E+00	-3.4687E+01	-3.4690E+00	-3.8990E+01
-3.5418E+00	-3.4431E+01	-3.4972E+00	-3.8886E+01
-3.5712E+00	-3.4175E+01	-3.5251E+00	-3.8784E+01
-3.6003E+00	-3.3918E+01	-3.5527E+00	-3.8684E+01
-3.6292E+00	-3.3660E+01	-3.5799E+00	-3.8586E+01
-3.6577E+00	-3.3401E+01	-3.6068E+00	-3.8490E+01
-3.6859E+00	-3.3141E+01	-3.6333E+00	-3.8396E+01
-3.7137E+00	-3.2880E+01	-3.6595E+00	-3.8304E+01
-3.7413E+00	-3.2618E+01	-3.6853E+00	-3.8214E+01
-3.7685E+00	-3.2354E+01	-3.7108E+00	-3.8125E+01
-3.7955E+00	-3.2088E+01	-3.7360E+00	-3.8039E+01
-3.8221E+00	-3.1821E+01	-3.7607E+00	-3.7954E+01
-3.8483E+00	-3.1552E+01	-3.7851E+00	-3.7871E+01
-3.8742E+00	-3.1282E+01	-3.8091E+00	-3.7790E+01
-3.8998E+00	-3.1009E+01	-3.8328E+00	-3.7711E+01
-3.9251E+00	-3.0735E+01	-3.8561E+00	-3.7634E+01
-3.9500E+00	-3.0458E+01	-3.8790E+00	-3.7558E+01
-3.9745E+00	-3.0179E+01	-3.9015E+00	-3.7485E+01
-3.9987E+00	-2.9897E+01	-3.9236E+00	-3.7413E+01
-4.0226E+00	-2.9614E+01	-3.9453E+00	-3.7343E+01
-4.0461E+00	-2.9327E+01	-3.9666E+00	-3.7275E+01
-4.0692E+00	-2.9039E+01	-3.9875E+00	-3.7208E+01
-4.0920E+00	-2.8747E+01	-4.0080E+00	-3.7144E+01
-4.1144E+00	-2.8452E+01	-4.0281E+00	-3.7081E+01
-4.1364E+00	-2.8155E+01	-4.0477E+00	-3.7020E+01
-4.1581E+00	-2.7855E+01	-4.0670E+00	-3.6961E+01
-4.1793E+00	-2.7551E+01	-4.0858E+00	-3.6904E+01
-4.2003E+00	-2.7245E+01	-4.1042E+00	-3.6848E+01
-4.2208E+00	-2.6935E+01	-4.1222E+00	-3.6794E+01
-4.2409E+00	-2.6621E+01	-4.1397E+00	-3.6742E+01
-4.2607E+00	-2.6305E+01	-4.1568E+00	-3.6691E+01
-4.2801E+00	-2.5984E+01	-4.1735E+00	-3.6642E+01
-4.2991E+00	-2.5660E+01	-4.1897E+00	-3.6595E+01
-4.3177E+00	-2.5332E+01	-4.2055E+00	-3.6549E+01
-4.3359E+00	-2.5000E+01	-4.2208E+00	-3.6504E+01
-4.3537E+00	-2.4663E+01	-4.2357E+00	-3.6461E+01
-4.3711E+00	-2.4323E+01	-4.2501E+00	-3.6418E+01
-4.3881E+00	-2.3978E+01	-4.2641E+00	-3.6377E+01
-4.4047E+00	-2.3628E+01	-4.2776E+00	-3.6337E+01
-4.4209E+00	-2.3274E+01	-4.2906E+00	-3.6297E+01
-4.4367E+00	-2.2915E+01	-4.3032E+00	-3.6257E+01
-4.4520E+00	-2.2551E+01	-4.3154E+00	-3.6218E+01
-4.4670E+00	-2.2182E+01	-4.3270E+00	-3.6178E+01
-4.4816E+00	-2.1807E+01	-4.3383E+00	-3.6138E+01
-4.4957E+00	-2.1426E+01	-4.3490E+00	-3.6097E+01
-4.5095E+00	-2.1040E+01	-4.3593E+00	-3.6054E+01
-4.5228E+00	-2.0648E+01	-4.3692E+00	-3.6010E+01
-4.5357E+00	-2.0249E+01	-4.3786E+00	-3.5962E+01
-4.5482E+00	-1.9843E+01	-4.3875E+00	-3.5912E+01
-4.5603E+00	-1.9431E+01	-4.3960E+00	-3.5857E+01
-4.5720E+00	-1.9011E+01	-4.4041E+00	-3.5798E+01
-4.5832E+00	-1.8583E+01	-4.4118E+00	-3.5732E+01
-4.5941E+00	-1.8148E+01	-4.4190E+00	-3.5660E+01
-4.6045E+00	-1.7704E+01	-4.4258E+00	-3.5580E+01
-4.6146E+00	-1.7252E+01	-4.4322E+00	-3.5490E+01
-4.6242E+00	-1.6790E+01	-4.4382E+00	-3.5390E+01
-4.6334E+00	-1.6319E+01	-4.4439E+00	-3.5278E+01
-4.6423E+00	-1.5838E+01	-4.4491E+00	-3.5152E+01
-4.6507E+00	-1.5346E+01	-4.4540E+00	-3.5011E+01
-4.6587E+00	-1.4844E+01	-4.4586E+00	-3.4852E+01
-4.6663E+00	-1.4330E+01	-4.4629E+00	-3.4675E+01
-4.6736E+00	-1.3803E+01	-4.4668E+00	-3.4478E+01
-4.6804E+00	-1.3264E+01	-4.4705E+00	-3.4258E+01
-4.6869E+00	-1.2713E+01	-4.4739E+00	-3.4014E+01
-4.6930E+00	-1.2147E+01	-4.4770E+00	-3.3744E+01
-4.6987E+00	-1.1567E+01	-4.4799E+00	-3.3446E+01
-4.7040E+00	-1.0972E+01	-4.4826E+00	-3.3118E+01
-4.7090E+00	-1.0362E+01	-4.4850E+00	-3.2759E+01
-4.7136E+00	-9.7360E+00	-4.4873E+00	-3.2367E+01
-4.7178E+00	-9.0934E+00	-4.4893E+00	-3.1940E+01
-4.7217E+00	-8.4337E+00	-4.4912E+00	-3.1477E+01
-4.7252E+00	-7.7564E+00	-4.4930E+00	-3.0977E+01
-4.7283E+00	-7.0610E+00	-4.4946E+00	-3.0439E+01
-4.7312E+00	-6.3469E+00	-4.4960E+00	-2.9860E+01
-4.7336E+00	-5.6138E+00	-4.4973E+00	-2.9241E+01
-4.7357E+00	-4.8610E+00	-4.4986E+00	-2.8580E+01
-4.7375E+00	-4.0883E+00	-4.4997E+00	-2.7877E+01
-4.7390E+00	-3.2952E+00	-4.5006E+00	-2.7130E+01
-4.7401E+00	-2.4812E+00	-4.5015E+00	-2.6338E+01
-4.7409E+00	-1.6462E+00	-4.5023E+00	-2.5501E+01
-4.7414E+00	-7.8963E-01	-4.5031E+00	-2.4619E+01
-4.7415E+00	8.8656E-02	-4.5037E+00	-2.3690E+01
-4.7413E+00	9.8896E-01	-4.5043E+00	-2.2714E+01
-4.7408E+00	1.9115E+00	-4.5047E+00	-2.1691E+01
-4.7399E+00	2.8565E+00	-4.5052E+00	-2.0619E+01
-4.7388E+00	3.8242E+00	-4.5055E+00	-1.9498E+01
-4.7373E+00	4.8145E+00	-4.5058E+00	-1.8328E+01
-4.7355E+00	5.8278E+00	-4.5061E+00	-1.7109E+01
-4.7333E+00	6.8640E+00	-4.5063E+00	-1.5839E+01
-4.7309E+00	7.9232E+00	-4.5065E+00	-1.4517E+01
-4.7281E+00	9.0055E+00	-4.5066E+00	-1.3145E+01
-4.7250E+00	1.0111E+01	-4.5067E+00	-1.1720E+01
-4.7216E+00	1.1239E+01	-4.5068E+00	-1.0243E+01
-4.7179E+00	1.2390E+01	-4.5068E+00	-8.7129E+00
-4.7138E+00	1.3564E+01	-4.5069E+00	-7.1293E+00
-4.7094E+00	1.4761E+01	-4.5069E+00	-5.4917E+00
-4.7047E+00	1.5980E+01	-4.5069E+00	-3.7998E+00
-4.6996E+00	1.7222E+01	-4.5069E+00	-2.0530E+00
-4.6943E+00	1.8486E+01	-4.5069E+00	-2.5112E-01
-4.6886E+00	1.9772E+01	-4.5069E+00	1.6060E+00
-4.6825E+00	2.1080E+01	-4.5069E+00	3.5184E+00
-4.6761E+00	2.2410E+01	-4.5069E+00	5.4854E+00
-4.6694E+00	2.3761E+01	-4.5069E+00	7.5067E+00
-4.6623E+00	2.5133E+01	-4.5068E+00	9.5816E+00
-4.6549E+00	2.6525E+01	-4.5068E+00	1.1709E+01
-4.6472E+00	2.7939E+01	-4.5067E+00	1.3888E+01
-4.6391E+00	2.9372E+01	-4.5065E+00	1.6118E+01
-4.6306E+00	3.0825E+01	-4.5063E+00	1.8398E+01
-4.6218E+00	3.2298E+01	-4.5061E+00	2.0725E+01
-4.6126E+00	3.3789E+01	-4.5057E+00	2.3099E+01
-4.6031E+00	3.5300E+01	-4.5053E+00	2.5517E+01
-4.5932E+00	3.6828E+01	-4.5047E+00	2.7978E+01
-4.5830E+00	3.8375E+01	-4.5040E+00	3.0480E+01
-4.5723E+00	3.9939E+01	-4.5031E+00	3.3020E+01
-4.5613E+00	4.1520E+01	-4.5021E+00	3.5597E+01
-4.5499E+00	4.3117E+01	-4.5008E+00	3.8208E+01
-4.5382E+00	4.4731E+01	-4.4993E+00	4.0850E+01
-4.5260E+00	4.6360E+01	-4.4976E+00	4.3520E+01
-4.5135E+00	4.8005E+01	-4.4956E+00	4.6216E+01
-4.5005E+00	4.9664E+01	-4.4932E+00	4.8934E+01
-4.4872E+00	5.1337E+01	-4.4906E+00	5.1672E+01
-4.4735E+00	5.3024E+01	-4.4875E+00	5.4426E+01
-4.4594E+00	5.4724E+01	-4.4841E+00	5.7193E+01
-4.4448E+00	5.6437E+01	-4.4802E+00	5.9969E+01
-4.4299E+00	5.8162E+01	-4.4758E+00	6.2751E+01
-4.4146E+00	5.9898E+01	-4.4709E+00	6.5536E+01
-4.3988E+00	6.1646E+01	-4.4655E+00	6.8320E+01
-4.3826E+00	6.3404E+01	-4.4596E+00	7.1099E+01
-4.3660E+00	6.5172E+01	-4.4530E+00	7.3870E+01
-4.3490E+00	6.6949E+01	-4.4458E+00	7.6629E+01
-4.3315E+00	6.8735E+01	-4.4379E+00	7.9373E+01
-4.3136E+00	7.0529E+01	-4.4293E+00	8.2099E+01
-4.2953E+00	7.2331E+01	-4.4200E+00	8.4803E+01
-4.2765E+00	7.4140E+01	-4.4099E+00	8.7481E+01
-4.2573E+00	7.5955E+01	-4.3990E+00	9.0131E+01
-4.2376E+00	7.7776E+01	-4.3873E+00	9.2750E+01
-4.2175E+00	7.9603E+01	-4.3748E+00	9.5334E+01
-4.1969E+00	8.1433E+01	-4.3614E+00	9.7882E+01
-4.1759E+00	8.3268E+01	-4.3471E+00	1.0039E+02
-4.1544E+00	8.5106E+01	-4.3319E+00	1.0285E+02
-4.1324E+00	8.6947E+01	-4.3157E+00	1.0527E+02
-4.1100E+00	8.8789E+01	-4.2986E+00	1.0765E+02
-4.0871E+00	9.0633E+01	-4.2805E+00	1.0997E+02
-4.0637E+00	9.2477E+01	-4.2614E+00	1.1225E+02
-4.0398E+00	9.4322E+01	-4.2413E+00	1.1447E+02
-4.0155E+00	9.6165E+01	-4.2202E+00	1.1664E+02
-3.9906E+00	9.8008E+01	-4.1981E+00	1.1876E+02
-3.9653E+00	9.9848E+01	-4.1750E+00	1.2081E+02
-3.9395E+00	1.0168E+02	-4.1508E+00	1.2282E+02
-3.9131E+00	1.0352E+02	-4.1256E+00	1.2476E+02
-3.8863E+00	1.0535E+02	-4.0993E+00	1.2665E+02
-3.8589E+00	1.0717E+02	-4.0720E+00	1.2848E+02
-3.8311E+00	1.0899E+02	-4.0437E+00	1.3025E+02
-3.8027E+00	1.1080E+02	-4.0143E+00	1.3196E+02
-3.7738E+00	1.1261E+02	-3.9839E+00	1.3361E+02
-3.7444E+00	1.1440E+02	-3.9524E+00	1.3520E+02
-3.7144E+00	1.1619E+02	-3.9199E+00	1.3674E+02
-3.6840E+00	1.1797E+02	-3.8864E+00	1.3821E+02
-3.6529E+00	1.1973E+02	-3.8519E+00	1.3963E+02
-3.6214E+00	1.2149E+02	-3.8164E+00	1.4098E+02
-3.5893E+00	1.2323E+02	-3.7798E+00	1.4228E+02
-3.5566E+00	1.2496E+02	-3.7423E+00	1.4353E+02
-3.5234E+00	1.2667E+02	-3.7038E+00	1.4471E+02
-3.4896E+00	1.2837E+02	-3.6642E+00	1.4584E+02
-3.4553E+00	1.3006E+02	-3.6238E+00	1.4691E+02
-3.4203E+00	1.3172E+02	-3.5823E+00	1.4792E+02
-3.3848E+00	1.3337E+02	-3.5399E+00	1.4888E+02
-3.3488E+00	1.3500E+02	-3.4965E+00	1.4978E+02
-3.3121E+00	1.3661E+02	-3.4522E+00	1.5062E+02
-3.2748E+00	1.3820E+02	-3.4069E+00	1.5141E+02
-3.2370E+00	1.3977E+02	-3.3607E+00	1.5214E+02
-3.1985E+00	1.4131E+02	-3.3135E+00	1.5281E+02
-3.1594E+00	1.4283E+02	-3.2654E+00	1.5343E+02
-3.1197E+00	1.4432E+02	-3.2163E+00	1.5398E+02
-3.0793E+00	1.4578E+02	-3.1663E+00	1.5448E+02
-3.0383E+00	1.4722E+02	-3.1154E+00	1.5492E+02
-2.9967E+00	1.4863E+02	-3.0634E+00	1.5530E+02
-2.9544E+00	1.5000E+02	-3.0105E+00	1.5561E+02
-2.9114E+00	1.5134E+02	-2.9567E+00	1.5587E+02
-2.8678E+00	1.5265E+02	-2.9018E+00	1.5605E+02
-2.8234E+00	1.5392E+02	-2.8459E+00	1.5617E+02
-2.7784E+00	1.5515E+02	-2.7890E+00	1.5621E+02
-2.7326E+00	1.5634E+02	-2.7310E+00	1.5618E+02
-2.6861E+00	1.5749E+02	-2.6719E+00	1.5607E+02
-2.6388E+00	1.5859E+02	-2.6117E+00	1.5588E+02
-2.5908E+00	1.5965E+02	-2.5503E+00	1.5561E+02
-2.5419E+00	1.6065E+02	-2.4878E+00	1.5524E+02
-2.4922E+00	1.6160E+02	-2.4239E+00	1.5477E+02
-2.4416E+00	1.6249E+02	-2.3587E+00	1.5420E+02
-2.3902E+00	1.6333E+02	-2.2921E+00	1.5352E+02
-2.3379E+00	1.6411E+02	-2.2241E+00	1.5272E+02
-2.2849E+00	1.6483E+02	-2.1545E+00	1.5179E+02
-2.2310E+00	1.6550E+02	-2.0833E+00	1.5073E+02
-2.1762E+00	1.6611E+02	-2.0104E+00	1.4952E+02
-2.1207E+00	1.6667E+02	-1.9356E+00	1.4816E+02
-2.0644E+00	1.6717E+02	-1.8590E+00	1.4663E+02
-2.0074E+00	1.6762E+02	-1.7805E+00	1.4493E+02
-1.9495E+00	1.6801E+02	-1.6999E+00	1.4305E+02
-1.8908E+00	1.6835E+02	-1.6172E+00	1.4099E+02
-1.8314E+00	1.6863E+02	-1.5325E+00	1.3873E+02
-1.7712E+00	1.6885E+02	-1.4456E+00	1.3629E+02
-1.7102E+00	1.6902E+02	-1.3566E+00	1.3366E+02
-1.6484E+00	1.6912E+02	-1.2657E+00	1.3086E+02
-1.5857E+00	1.6916E+02	-1.1730E+00	1.2789E+02
-1.5222E+00	1.6914E+02	-1.0786E+00	1.2478E+02
-1.4579E+00	1.6905E+02	-9.8281E-01	1.2154E+02
-1.3927E+00	1.6889E+02	-8.8591E-01	1.1821E+02
-1.3265E+00	1.6865E+02	-7.8819E-01	1.1482E+02
-1.2594E+00	1.6833E+02	-6.8999E-01	1.1139E+02
-1.1912E+00	1.6793E+02	-5.9163E-01	1.0797E+02
-1.1220E+00	1.6743E+02	-4.9342E-01	1.0457E+02
-1.0516E+00	1.6683E+02	-3.9565E-01	1.0124E+02
-9.7987E-01	1.6611E+02	-2.9857E-01	9.7982E+01
-9.0678E-01	1.6527E+02	-2.0241E-01	9.4833E+01
-8.3216E-01	1.6429E+02	-1.0733E-01	9.1803E+01
-7.5584E-01	1.6314E+02	-1.3458E-02	8.8907E+01
-6.7759E-01	1.6182E+02	7.9116E-02	8.6151E+01
-5.9716E-01	1.6029E+02	1.7034E-01	8.3541E+01
-5.1424E-01	1.5852E+02	2.6020E-01	8.1077E+01
-4.2843E-01	1.5647E+02	3.4869E-01	7.8759E+01
-3.3928E-01	1.5410E+02	4.3585E-01	7.6582E+01
-2.4622E-01	1.5134E+02	5.2172E-01	7.4542E+01
-1.4861E-01	1.4813E+02	6.0634E-01	7.2633E+01
-4.5746E-02	1.4440E+02	6.8979E-01	7.0849E+01
6.3094E-02	1.4008E+02	7.7213E-01	6.9181E+01
1.7849E-01	1.3512E+02	8.5342E-01	6.7622E+01
3.0067E-01	1.2947E+02	9.3374E-01	6.6165E+01
4.2924E-01	1.2319E+02	1.0131E+00	6.4803E+01
5.6294E-01	1.1640E+02	1.0917E+00	6.3528E+01
6.9959E-01	1.0932E+02	1.1695E+00	6.2335E+01
8.3637E-01	1.0223E+02	1.2465E+00	6.1216E+01
9.7040E-01	9.5409E+01	1.3228E+00	6.0166E+01
1.0993E+00	8.9099E+01	1.3985E+00	5.9180E+01
1.2217E+00	8.3446E+01	1.4737E+00	5.8252E+01
1.3369E+00	7.8507E+01	1.5482E+00	5.7378E+01
1.4451E+00	7.4266E+01	1.6223E+00	5.6554E+01
1.5469E+00	7.0666E+01	1.6958E+00	5.5775E+01
1.6430E+00	6.7626E+01	1.7689E+00	5.5038E+01
1.7344E+00	6.5060E+01	1.8416E+00	5.4341E+01
1.8217E+00	6.2889E+01	1.9138E+00	5.3679E+01
1.9058E+00	6.1040E+01	1.9857E+00	5.3050E+01
1.9872E+00	5.9453E+01	2.0572E+00	5.2453E+01
2.0664E+00	5.8078E+01	2.1283E+00	5.1884E+01
2.1438E+00	5.6873E+01	2.1991E+00	5.1342E+01
2.2197E+00	5.5806E+01	2.2695E+00	5.0824E+01
2.2944E+00	5.4851E+01	2.3396E+00	5.0330E+01
2.3681E+00	5.3988E+01	2.4094E+00	4.9856E+01
2.4409E+00	5.3201E+01	2.4789E+00	4.9403E+01
2.5130E+00	5.2477E+01	2.5481E+00	4.8969E+01
2.5844E+00	5.1806E+01	2.6170E+00	4.8552E+01
2.6553E+00	5.1182E+01	2.6856E+00	4.8152E+01
2.7256E+00	5.0597E+01	2.7539E+00	4.7767E+01
2.7954E+00	5.0047E+01	2.8219E+00	4.7396E+01
2.8647E+00	4.9528E+01	2.8896E+00	4.7039E+01
2.9336E+00	4.9036E+01	2.9570E+00	4.6695E+01
3.0021E+00	4.8570E+01	3.0241E+00	4.6363E+01
3.0701E+00	4.8125E+01	3.0910E+00	4.6042E+01
3.1378E+00	4.7702E+01	3.1575E+00	4.5732E+01
3.2051E+00	4.7297E+01	3.2238E+00	4.5432E+01
3.2721E+00	4.6910E+01	3.2897E+00	4.5142E+01
3.3386E+00	4.6538E+01	3.3554E+00	4.4860E+01
3.4048E+00	4.6182E+01	3.4208E+00	4.4588E+01
3.4707E+00	4.5839E+01	3.4858E+00	4.4323E+01
3.5361E+00	4.5510E+01	3.5506E+00	4.4067E+01
3.6013E+00	4.5192E+01	3.6150E+00	4.3817E+01
3.6660E+00	4.4886E+01	3.6791E+00	4.3575E+01
3.7304E+00	4.4590E+01	3.7430E+00	4.3339E+01
3.7945E+00	4.4304E+01	3.8064E+00	4.3110E+01
3.8582E+00	4.4027E+01	3.8696E+00	4.2886E+01
3.9215E+00	4.3759E+01	3.9325E+00	4.2669E+01
3.9845E+00	4.3500E+01	3.9950E+00	4.2456E+01
4.0471E+00	4.3248E+01	4.0571E+00	4.2249E+01
4.1094E+00	4.3004E+01	4.1189E+00	4.2047E+01
4.1712E+00	4.2766E+01	4.1804E+00	4.1850E+01
4.2327E+00	4.2535E+01	4.2415E+00	4.1658E+01
4.2939E+00	4.2311E+01	4.3023E+00	4.1469E+01
4.3546E+00	4.2092E+01	4.3627E+00	4.1285E+01
4.4149E+00	4.1879E+01	4.4227E+00	4.1105E+01
4.4749E+00	4.1671E+01	4.4823E+00	4.0929E+01
4.5345E+00	4.1469E+01	4.5416E+00	4.0756E+01
4.5936E+00	4.1271E+01	4.6005E+00	4.0587E+01
4.6524E+00	4.1078E+01	4.6589E+00	4.0421E+01
4.7107E+00	4.0890E+01	4.7170E+00	4.0259E+01
4.7686E+00	4.0705E+01	4.7747E+00	4.0100E+01
4.8261E+00	4.0525E+01	4.8319E+00	3.9943E+01
4.8832E+00	4.0349E+01	4.8888E+00	3.9790E+01
4.9399E+00	4.0176E+01	4.9452E+00	3.9639E+01
4.9961E+00	4.0007E+01	5.0012E+00	3.9491E+01
5.0518E+00	3.9841E+01	5.0568E+00	3.9346E+01
5.1071E+00	3.9678E+01	5.1119E+00	3.9203E+01
5.1620E+00	3.9519E+01	5.1666E+00	3.9063E+01
5.2164E+00	3.9363E+01	5.2208E+00	3.8925E+01
5.2704E+00	3.9209E+01	5.2745E+00	3.8790E+01
5.3238E+00	3.9058E+01	5.3278E+00	3.8656E+01
5.3768E+00	3.8911E+01	5.3807E+00	3.8525E+01
5.4293E+00	3.8765E+01	5.4330E+00	3.8396E+01
5.4813E+00	3.8622E+01	5.4849E+00	3.8269E+01
5.5329E+00	3.8482E+01	5.5363E+00	3.8144E+01
5.5839E+00	3.8344E+01	5.5871E+00	3.8021E+01
5.6344E+00	3.8209E+01	5.6375E+00	3.7899E+01
5.6844E+00	3.8075E+01	5.6874E+00	3.7780E+01
5.7339E+00	3.7942E+01	5.7367E+00	3.7662E+01
5.7830E+00	3.7807E+01	5.7856E+00	3.7547E+01
5.8315E+00	3.7669E+01	5.8339E+00	3.7433E+01
5.8796E+00	3.7528E+01	5.8816E+00	3.7320E+01
5.9271E+00	3.7384E+01	5.9289E+00	3.7210E+01
5.9742E+00	3.7236E+01	5.9756E+00	3.7101E+01
6.0208E+00	3.7084E+01	6.0217E+00	3.6993E+01
6.0669E+00	3.6927E+01	6.0673E+00	3.6888E+01
6.1125E+00	3.6767E+01	6.1123E+00	3.6784E+01
6.1575E+00	3.6602E+01	6.1567E+00	3.6681E+01
6.2021E+00	3.6433E+01	6.2006E+00	3.6581E+01
6.2461E+00	3.6259E+01	6.2439E+00	3.6482E+01
6.2896E+00	3.6081E+01	6.2866E+00	3.6384E+01
6.3326E+00	3.5898E+01	6.3287E+00	3.6288E+01
6.3751E+00	3.5709E+01	6.3702E+00	3.6194E+01
6.4170E+00	3.5516E+01	6.4111E+00	3.6102E+01
6.4583E+00	3.5318E+01	6.4514E+00	3.6011E+01
6.4992E+00	3.5114E+01	6.4911E+00	3.5921E+01
6.5394E+00	3.4905E+01	6.5301E+00	3.5834E+01
6.5791E+00	3.4690E+01	6.5686E+00	3.5748E+01
6.6183E+00	3.4470E+01	6.6063E+00	3.5664E+01
6.6569E+00	3.4244E+01	6.6435E+00	3.5582E+01
6.6949E+00	3.4012E+01	6.6800E+00	3.5502E+01
6.7323E+00	3.3774E+01	6.7158E+00	3.5423E+01
6.7692E+00	3.3530E+01	6.7510E+00	3.5347E+01
6.8054E+00	3.3281E+01	6.7855E+00	3.5272E+01
6.8411E+00	3.3025E+01	6.8194E+00	3.5199E+01
6.8762E+00	3.2762E+01	6.8526E+00	3.5129E+01
6.9107E+00	3.2494E+01	6.8851E+00	3.5061E+01
6.9446E+00	3.2219E+01	6.9169E+00	3.4995E+01
6.9779E+00	3.1937E+01	6.9480E+00	3.4931E+01
7.0106E+00	3.1649E+01	6.9784E+00	3.4869E+01
7.0426E+00	3.1354E+01	7.0081E+00	3.4810E+01
7.0741E+00	3.1053E+01	7.0371E+00	3.4754E+01
7.1049E+00	3.0744E+01	7.0654E+00	3.4700E+01
7.1351E+00	3.0429E+01	7.0929E+00	3.4649E+01
7.1647E+00	3.0106E+01	7.1197E+00	3.4601E+01
7.1936E+00	2.9777E+01	7.1458E+00	3.4555E+01
7.2219E+00	2.9440E+01	7.1712E+00	3.4513E+01
7.2496E+00	2.9096E+01	7.1958E+00	3.4473E+01
7.2766E+00	2.8745E+01	7.2197E+00	3.4437E+01
7.3030E+00	2.8386E+01	7.2428E+00	3.4404E+01
7.3287E+00	2.8020E+01	7.2652E+00	3.4374E+01
7.3538E+00	2.7646E+01	7.2867E+00	3.4348E+01
7.3782E+00	2.7264E+01	7.3076E+00	3.4325E+01
7.4019E+00	2.6874E+01	7.3276E+00	3.4306E+01
7.4250E+00	2.6476E+01	7.3469E+00	3.4290E+01
7.4474E+00	2.6070E+01	7.3654E+00	3.4277E+01
7.4692E+00	2.5655E+01	7.3831E+00	3.4268E+01
7.4903E+00	2.5232E+01	7.4000E+00	3.4262E+01
7.5107E+00	2.4800E+01	7.4161E+00	3.4259E+01
7.5305E+00	2.4359E+01	7.4315E+00	3.4259E+01
7.5495E+00	2.3909E+01	7.4460E+00	3.4261E+01
7.5680E+00	2.3449E+01	7.4598E+00	3.4266E+01
7.5857E+00	2.2980E+01	7.4728E+00	3.4271E+01
7.6028E+00	2.2500E+01	7.4850E+00	3.4278E+01
7.6191E+00	2.2009E+01	7.4964E+00	3.4284E+01
7.6349E+00	2.1507E+01	7.5071E+00	3.4288E+01
7.6499E+00	2.0994E+01	7.5170E+00	3.4289E+01
7.6643E+00	2.0469E+01	7.5261E+00	3.4286E+01
7.6780E+00	1.9930E+01	7.5346E+00	3.4276E+01
7.6911E+00	1.9379E+01	7.5423E+00	3.4257E+01
7.7035E+00	1.8812E+01	7.5494E+00	3.4225E+01
7.7153E+00	1.8231E+01	7.5558E+00	3.4179E+01
7.7264E+00	1.7634E+01	7.5616E+00	3.4114E+01
7.7369E+00	1.7020E+01	7.5668E+00	3.4027E+01
7.7468E+00	1.6387E+01	7.5715E+00	3.3913E+01
7.7560E+00	1.5736E+01	7.5757E+00	3.3768E+01
7.7647E+00	1.5064E+01	7.5794E+00	3.3588E+01
7.7727E+00	1.4370E+01	7.5827E+00	3.3368E+01
7.7802E+00	1.3653E+01	7.5857E+00	3.3103E+01
7.7871E+00	1.2912E+01	7.5883E+00	3.2790E+01
7.7934E+00	1.2145E+01	7.5906E+00	3.2424E+01
7.7992E+00	1.1351E+01	7.5927E+00	3.2002E+01
7.8044E+00	1.0529E+01	7.5945E+00	3.1521E+01
7.8092E+00	9.6772E+00	7.5962E+00	3.0977E+01
7.8134E+00	8.7944E+00	7.5976E+00	3.0369E+01
7.8170E+00	7.8793E+00	7.5989E+00	2.9695E+01
7.8202E+00	6.9309E+00	7.6000E+00	2.8952E+01
7.8230E+00	5.9480E+00	7.6011E+00	2.8139E+01
7.8252E+00	4.9298E+00	7.6020E+00	2.7254E+01
7.8270E+00	3.8752E+00	7.6027E+00	2.6298E+01
7.8283E+00	2.7834E+00	7.6034E+00	2.5267E+01
7.8291E+00	1.6536E+00	7.6040E+00	2.4163E+01
7.8295E+00	4.8523E-01	7.6045E+00	2.2983E+01
7.8295E+00	-7.2233E-01	7.6050E+00	2.1728E+01
7.8290E+00	-1.9696E+00	7.6054E+00	2.0396E+01
7.8281E+00	-3.2569E+00	7.6057E+00	1.8987E+01
7.8267E+00	-4.5846E+00	7.6059E+00	1.7499E+01
7.8250E+00	-5.9530E+00	7.6061E+00	1.5933E+01
7.8227E+00	-7.3622E+00	7.6062E+00	1.4288E+01
7.8201E+00	-8.8122E+00	7.6063E+00	1.2563E+01
7.8170E+00	-1.0303E+01	7.6064E+00	1.0757E+01
7.8135E+00	-1.1835E+01	7.6065E+00	8.8699E+00
7.8096E+00	-1.3408E+01	7.6065E+00	6.9009E+00
7.8052E+00	-1.5021E+01	7.6065E+00	4.8495E+00
7.8004E+00	-1.6675E+01	7.6065E+00	2.7150E+00
7.7952E+00	-1.8369E+01	7.6065E+00	4.9705E-01
7.7895E+00	-2.0102E+01	7.6065E+00	-1.8047E+00
7.7834E+00	-2.1875E+01	7.6065E+00	-4.1899E+00
7.7768E+00	-2.3687E+01	7.6065E+00	-6.6581E+00
7.7698E+00	-2.5538E+01	7.6065E+00	-9.2084E+00
7.7623E+00	-2.7426E+01	7.6064E+00	-1.1840E+01
7.7543E+00	-2.9352E+01	7.6063E+00	-1.4551E+01
7.7459E+00	-3.1315E+01	7.6062E+00	-1.7340E+01
7.7371E+00	-3.3314E+01	7.6060E+00	-2.0205E+01
7.7277E+00	-3.5349E+01	7.6057E+00	-2.3145E+01
7.7179E+00	-3.7419E+01	7.6053E+00	-2.6156E+01
7.7076E+00	-3.9523E+01	7.6047E+00	-2.9236E+01
7.6968E+00	-4.1660E+01	7.6040E+00	-3.2383E+01
7.6854E+00	-4.3831E+01	7.6031E+00	-3.5592E+01
7.6736E+00	-4.6033E+01	7.6019E+00	-3.8862E+01
7.6613E+00	-4.8267E+01	7.6005E+00	-4.2187E+01
7.6485E+00	-5.0531E+01	7.5988E+00	-4.5564E+01
7.6351E+00	-5.2824E+01	7.5967E+00	-4.8989E+01
7.6212E+00	-5.5146E+01	7.5943E+00	-5.2456E+01
7.6067E+00	-5.7496E+01	7.5914E+00	-5.5962E+01
7.5918E+00	-5.9873E+01	7.5880E+00	-5.9502E+01
7.5762E+00	-6.2275E+01	7.5842E+00	-6.3070E+01
7.5601E+00	-6.4703E+01	7.5797E+00	-6.6661E+01
7.5435E+00	-6.7155E+01	7.5746E+00	-7.0269E+01
7.5262E+00	-6.9629E+01	7.5688E+00	-7.3890E+01
7.5084E+00	-7.2126E+01	7.5623E+00	-7.7517E+01
7.4900E+00	-7.4644E+01	7.5550E+00	-8.1144E+01
7.4710E+00	-7.7182E+01	7.5468E+00	-8.4767E+01
7.4514E+00	-7.9738E+01	7.5378E+00	-8.8379E+01
7.4312E+00	-8.2313E+01	7.5278E+00	-9.1975E+01
7.4103E+00	-8.4904E+01	7.5168E+00	-9.5549E+01
7.3888E+00	-8.7511E+01	7.5047E+00	-9.9096E+01
7.3667E+00	-9.0132E+01	7.4915E+00	-1.0261E+02
7.3440E+00	-9.2766E+01	7.4772E+00	-1.0609E+02
7.3206E+00	-9.5413E+01	7.4617E+00	-1.0952E+02
7.2965E+00	-9.8070E+01	7.4449E+00	-1.1291E+02
7.2718E+00	-1.0074E+02	7.4269E+00	-1.1625E+02
7.2464E+00	-1.0341E+02	7.4076E+00	-1.1953E+02
7.2202E+00	-1.0609E+02	7.3869E+00	-1.2276E+02
7.1934E+00	-1.0878E+02	7.3649E+00	-1.2592E+02
7.1659E+00	-1.1147E+02	7.3414E+00	-1.2902E+02
7.1377E+00	-1.1417E+02	7.3165E+00	-1.3206E+02
7.1087E+00	-1.1686E+02	7.2903E+00	-1.3502E+02
7.0790E+00	-1.1956E+02	7.2625E+00	-1.3791E+02
7.0485E+00	-1.2225E+02	7.2333E+00	-1.4073E+02
7.0173E+00	-1.2495E+02	7.2026E+00	-1.4348E+02
6.9853E+00	-1.2763E+02	7.1704E+00	-1.4615E+02
6.9525E+00	-1.3031E+02	7.1368E+00	-1.4874E+02
6.9189E+00	-1.3298E+02	7.1017E+00	-1.5126E+02
6.8845E+00	-1.3564E+02	7.0651E+00	-1.5371E+02
6.8492E+00	-1.3829E+02	7.0271E+00	-1.5608E+02
6.8131E+00	-1.4092E+02	6.9876E+00	-1.5837E+02
6.7761E+00	-1.4353E+02	6.9467E+00	-1.6059E+02
6.7383E+00	-1.4613E+02	6.9043E+00	-1.6273E+02
6.6995E+00	-1.4870E+02	6.8605E+00	-1.6480E+02
6.6598E+00	-1.5125E+02	6.8153E+00	-1.6680E+02
6.6192E+00	-1.5378E+02	6.7688E+00	-1.6874E+02
6.5775E+00	-1.5627E+02	6.7208E+00	-1.7060E+02
6.5349E+00	-1.5872E+02	6.6716E+00	-1.7239E+02
6.4912E+00	-1.6114E+02	6.6210E+00	-1.7412E+02
6.4465E+00	-1.6352E+02	6.5691E+00	-1.7578E+02
6.4006E+00	-1.6585E+02	6.5159E+00	-1.7738E+02
6.3536E+00	-1.6813E+02	6.4615E+00	-1.7892E+02
6.3053E+00	-1.7034E+02	6.4059E+00	-1.8040E+02
6.2557E+00	-1.7249E+02	6.3490E+00	-1.8182E+02
6.2047E+00	-1.7456E+02	6.2909E+00	-1.8319E+02
6.1524E+00	-1.7656E+02	6.2317E+00	-1.8450E+02
6.0987E+00	-1.7848E+02	6.1713E+00	-1.8575E+02
6.0436E+00	-1.8034E+02	6.1098E+00	-1.8696E+02
5.9873E+00	-1.8212E+02	6.0472E+00	-1.8811E+02
5.9297E+00	-1.8383E+02	5.9835E+00	-1.8921E+02
5.8709E+00	-1.8548E+02	5.9188E+00	-1.9027E+02
5.8108E+00	-1.8706E+02	5.8529E+00	-1.9128E+02
5.7495E+00	-1.8858E+02	5.7861E+00	-1.9224E+02
5.6871E+00	-1.9004E+02	5.7182E+00	-1.9316E+02
5.6235E+00	-1.9145E+02	5.6493E+00	-1.9403E+02
5.5588E+00	-1.9279E+02	5.5795E+00	-1.9486E+02
5.4930E+00	-1.9408E+02	5.5086E+00	-1.9564E+02
5.4261E+00	-1.9532E+02	5.4368E+00	-1.9639E+02
5.3582E+00	-1.9650E+02	5.3641E+00	-1.9709E+02
5.2893E+00	-1.9764E+02	5.2904E+00	-1.9775E+02
5.2193E+00	-1.9873E+02	5.2158E+00	-1.9837E+02
5.1484E+00	-1.9977E+02	5.1402E+00	-1.9895E+02
5.0766E+00	-2.0076E+02	5.0637E+00	-1.9948E+02
5.0038E+00	-2.0172E+02	4.9864E+00	-1.9997E+02
4.9301E+00	-2.0263E+02	4.9081E+00	-2.0043E+02
4.8555E+00	-2.0350E+02	4.8288E+00	-2.0083E+02
4.7800E+00	-2.0433E+02	4.7487E+00	-2.0120E+02
4.7037E+00	-2.0512E+02	4.6677E+00	-2.0152E+02
4.6265E+00	-2.0587E+02	4.5857E+00	-2.0179E+02
4.5486E+00	-2.0659E+02	4.5029E+00	-2.0202E+02
4.4698E+00	-2.0727E+02	4.4191E+00	-2.0219E+02
4.3903E+00	-2.0791E+02	4.3343E+00	-2.0232E+02
4.3099E+00	-2.0852E+02	4.2485E+00	-2.0239E+02
4.2289E+00	-2.0910E+02	4.1618E+00	-2.0240E+02
4.1470E+00	-2.0965E+02	4.0741E+00	-2.0235E+02
4.0645E+00	-2.1016E+02	3.9853E+00	-2.0224E+02
3.9812E+00	-2.1063E+02	3.8954E+00	-2.0205E+02
3.8973E+00	-2.1108E+02	3.8044E+00	-2.0179E+02
3.8126E+00	-2.1149E+02	3.7122E+00	-2.0146E+02
3.7272E+00	-2.1187E+02	3.6188E+00	-2.0103E+02
3.6412E+00	-2.1222E+02	3.5240E+00	-2.0050E+02
3.5545E+00	-2.1254E+02	3.4278E+00	-1.9987E+02
3.4671E+00	-2.1282E+02	3.3301E+00	-1.9912E+02
3.3790E+00	-2.1307E+02	3.2308E+00	-1.9825E+02
3.2903E+00	-2.1329E+02	3.1296E+00	-1.9722E+02
3.2009E+00	-2.1347E+02	3.0266E+00	-1.9603E+02
3.1109E+00	-2.1362E+02	2.9213E+00	-1.9466E+02
3.0202E+00	-2.1372E+02	2.8137E+00	-1.9308E+02
2.9288E+00	-2.1380E+02	2.7035E+00	-1.9126E+02
2.8368E+00	-2.1383E+02	2.5903E+00	-1.8917E+02
2.7441E+00	-2.1382E+02	2.4738E+00	-1.8679E+02
2.6507E+00	-2.1376E+02	2.3536E+00	-1.8406E+02
2.5565E+00	-2.1367E+02	2.2295E+00	-1.8096E+02
2.4617E+00	-2.1352E+02	2.1009E+00	-1.7744E+02
2.3661E+00	-2.1332E+02	1.9676E+00	-1.7347E+02
2.2697E+00	-2.1306E+02	1.8293E+00	-1.6903E+02
2.1725E+00	-2.1275E+02	1.6861E+00	-1.6411E+02
2.0744E+00	-2.1237E+02	1.5380E+00	-1.5873E+02
1.9755E+00	-2.1192E+02	1.3857E+00	-1.5294E+02
1.8756E+00	-2.1139E+02	1.2297E+00	-1.4680E+02
1.7746E+00	-2.1077E+02	1.0713E+00	-1.4044E+02
1.6725E+00	-2.1006E+02	9.1146E-01	-1.3396E+02
1.5691E+00	-2.0923E+02	7.5160E-01	-1.2748E+02
1.4643E+00	-2.0829E+02	5.9290E-01	-1.2114E+02
1.3580E+00	-2.0719E+02	4.3638E-01	-1.1503E+02
1.2498E+00	-2.0593E+02	2.8286E-01	-1.0923E+02
1.1396E+00	-2.0448E+02	1.3289E-01	-1.0380E+02
1.0269E+00	-2.0279E+02	-1.3187E-02	-9.8773E+01
9.1133E-01	-2.0081E+02	-1.5527E-01	-9.4152E+01
7.9216E-01	-1.9849E+02	-2.9341E-01	-8.9934E+01
6.6857E-01	-1.9574E+02	-4.2775E-01	-8.6104E+01
5.3939E-01	-1.9243E+02	-5.5853E-01	-8.2636E+01
4.0301E-01	-1.8841E+02	-6.8604E-01	-7.9502E+01
2.5721E-01	-1.8345E+02	-8.1056E-01	-7.6672E+01
9.9000E-02	-1.7725E+02	-9.3239E-01	-7.4115E+01
-7.5366E-02	-1.6945E+02	-1.0518E+00	-7.1803E+01
-2.6962E-01	-1.5965E+02	-1.1691E+00	-6.9708E+01
-4.8529E-01	-1.4772E+02	-1.2844E+00	-6.7806E+01
-7.1818E-01	-1.3406E+02	-1.3980E+00	-6.6075E+01
-9.5698E-01	-1.1981E+02	-1.5101E+00	-6.4495E+01
-1.1872E+00	-1.0641E+02	-1.6209E+00	-6.3049E+01
-1.3984E+00	-9.4924E+01	-1.7304E+00	-6.1721E+01
-1.5868E+00	-8.5701E+01	-1.8388E+00	-6.0498E+01
-1.7543E+00	-7.8570E+01	-1.9463E+00	-5.9369E+01
-1.9047E+00	-7.3135E+01	-2.0528E+00	-5.8324E+01
-2.0422E+00	-6.8992E+01	-2.1586E+00	-5.7353E+01
-2.1701E+00	-6.5796E+01	-2.2636E+00	-5.6449E+01
-2.2911E+00	-6.3285E+01	-2.3679E+00	-5.5605E+01
-2.4070E+00	-6.1268E+01	-2.4715E+00	-5.4815E+01
-2.5192E+00	-5.9608E+01	-2.5746E+00	-5.4074E+01
-2.6288E+00	-5.8207E+01	-2.6771E+00	-5.3378E+01
-2.7362E+00	-5.6998E+01	-2.7790E+00	-5.2722E+01
-2.8421E+00	-5.5935E+01	-2.8804E+00	-5.2103E+01
-2.9467E+00	-5.4984E+01	-2.9814E+00	-5.1517E+01
-3.0503E+00	-5.4122E+01	-3.0819E+00	-5.0963E+01
-3.1529E+00	-5.3333E+01	-3.1819E+00	-5.0436E+01
-3.2548E+00	-5.2605E+01	-3.2815E+00	-4.9936E+01
-3.3559E+00	-5.1929E+01	-3.3806E+00	-4.9460E+01
-3.4564E+00	-5.1297E+01	-3.4793E+00	-4.9006E+01
-3.5563E+00	-5.0705E+01	-3.5776E+00	-4.8572E+01
-3.6556E+00	-5.0148E+01	-3.6755E+00	-4.8158E+01
-3.7544E+00	-4.9623E+01	-3.7730E+00	-4.7761E+01
-3.8526E+00	-4.9126E+01	-3.8700E+00	-4.7381E+01
-3.9503E+00	-4.8655E+01	-3.9667E+00	-4.7016E+01
-4.0475E+00	-4.8207E+01	-4.0630E+00	-4.6665E+01
-4.1443E+00	-4.7780E+01	-4.1588E+00	-4.6328E+01
-4.2405E+00	-4.7373E+01	-4.2542E+00	-4.6003E+01
-4.3363E+00	-4.6984E+01	-4.3492E+00	-4.5690E+01
-4.4316E+00	-4.6612E+01	-4.4438E+00	-4.5387E+01
-4.5264E+00	-4.6256E+01	-4.5380E+00	-4.5095E+01
-4.6208E+00	-4.5913E+01	-4.6318E+00	-4.4813E+01
-4.7147E+00	-4.5584E+01	-4.7251E+00	-4.4540E+01
-4.8081E+00	-4.5268E+01	-4.8180E+00	-4.4275E+01
-4.9011E+00	-4.4962E+01	-4.9105E+00	-4.4018E+01
-4.9935E+00	-4.4668E+01	-5.0025E+00	-4.3769E+01
-5.0855E+00	-4.4384E+01	-5.0941E+00	-4.3527E+01
-5.1771E+00	-4.4109E+01	-5.1852E+00	-4.3292E+01
-5.2681E+00	-4.3842E+01	-5.2759E+00	-4.3063E+01
-5.3586E+00	-4.3584E+01	-5.3661E+00	-4.2841E+01
-5.4487E+00	-4.3334E+01	-5.4558E+00	-4.2624E+01
-5.5383E+00	-4.3091E+01	-5.5450E+00	-4.2412E+01
-5.6273E+00	-4.2855E+01	-5.6338E+00	-4.2206E+01
-5.7158E+00	-4.2625E+01	-5.7221E+00	-4.2004E+01
-5.8039E+00	-4.2402E+01	-5.8098E+00	-4.1807E+01
-5.8914E+00	-4.2184E+01	-5.8971E+00	-4.1614E+01
-5.9783E+00	-4.1972E+01	-5.9838E+00	-4.1426E+01
-6.0648E+00	-4.1765E+01	-6.0700E+00	-4.1242E+01
-6.1507E+00	-4.1562E+01	-6.1557E+00	-4.1061E+01
-6.2360E+00	-4.1364E+01	-6.2408E+00	-4.0884E+01
-6.3208E+00	-4.1171E+01	-6.3254E+00	-4.0710E+01
-6.4050E+00	-4.0982E+01	-6.4094E+00	-4.0540E+01
-6.4887E+00	-4.0797E+01	-6.4929E+00	-4.0373E+01
-6.5717E+00	-4.0615E+01	-6.5758E+00	-4.0208E+01
-6.6542E+00	-4.0437E+01	-6.6581E+00	-4.0047E+01
-6.7361E+00	-4.0262E+01	-6.7398E+00	-3.9888E+01
-6.8174E+00	-4.0091E+01	-6.8210E+00	-3.9732E+01
-6.8980E+00	-3.9923E+01	-6.9015E+00	-3.9578E+01
-6.9781E+00	-3.9757E+01	-6.9814E+00	-3.9427E+01
-7.0575E+00	-3.9594E+01	-7.0607E+00	-3.9278E+01
-7.1363E+00	-3.9434E+01	-7.1394E+00	-3.9131E+01
-7.2145E+00	-3.9277E+01	-7.2174E+00	-3.8986E+01
-7.2920E+00	-3.9122E+01	-7.2947E+00	-3.8843E+01
-7.3688E+00	-3.8969E+01	-7.3715E+00	-3.8702E+01
-7.4450E+00	-3.8818E+01	-7.4475E+00	-3.8563E+01
-7.5205E+00	-3.8670E+01	-7.5229E+00	-3.8426E+01
-7.5953E+00	-3.8523E+01	-7.5976E+00	-3.8290E+01
-7.6694E+00	-3.8379E+01	-7.6716E+00	-3.8156E+01
-7.7428E+00	-3.8236E+01	-7.7450E+00	-3.8024E+01
-7.8155E+00	-3.8095E+01	-7.8176E+00	-3.7893E+01
-7.8875E+00	-3.7956E+01	-7.8895E+00	-3.7763E+01
-7.9588E+00	-3.7819E+01	-7.9607E+00	-3.7635E+01
-8.0294E+00	-3.7683E+01	-8.0311E+00	-3.7509E+01
-8.0992E+00	-3.7549E+01	-8.1008E+00	-3.7383E+01
-8.1682E+00	-3.7416E+01	-8.1698E+00	-3.7260E+01
-8.2366E+00	-3.7284E+01	-8.2380E+00	-3.7137E+01
-8.3041E+00	-3.7155E+01	-8.3055E+00	-3.7016E+01
-8.3709E+00	-3.7026E+01	-8.3722E+00	-3.6895E+01
-8.4369E+00	-3.6899E+01	-8.4381E+00	-3.6777E+01
-8.5021E+00	-3.6773E+01	-8.5032E+00	-3.6659E+01
-8.5665E+00	-3.6649E+01	-8.5675E+00	-3.6542E+01
-8.6301E+00	-3.6525E+01	-8.6311E+00	-3.6427E+01
-8.6929E+00	-3.6403E+01	-8.6938E+00	-3.6313E+01
-8.7549E+00	-3.6283E+01	-8.7557E+00	-3.6199E+01
-8.8160E+00	-3.6163E+01	-8.8168E+00	-3.6088E+01
-8.8764E+00	-3.6045E+01	-8.8770E+00	-3.5977E+01
-8.9358E+00	-3.5928E+01	-8.9364E+00	-3.5867E+01
-8.9945E+00	-3.5812E+01	-8.9950E+00	-3.5759E+01
-9.0523E+00	-3.5697E+01	-9.0527E+00	-3.5651E+01
-9.1092E+00	-3.5584E+01	-9.1096E+00	-3.5545E+01
-9.1652E+00	-3.5472E+01	-9.1655E+00	-3.5440E+01
-9.2204E+00	-3.5361E+01	-9.2206E+00	-3.5336E+01
-9.2747E+00	-3.5252E+01	-9.2748E+00	-3.5234E+01
-9.3280E+00	-3.5144E+01	-9.3282E+00	-3.5133E+01
-9.3805E+00	-3.5037E+01	-9.3806E+00	-3.5033E+01
-9.4321E+00	-3.4932E+01	-9.4321E+00	-3.4935E+01
-9.4828E+00	-3.4828E+01	-9.4827E+00	-3.4838E+01
-9.5325E+00	-3.4724E+01	-9.5323E+00	-3.4742E+01
-9.5814E+00	-3.4613E+01	-9.5811E+00	-3.4648E+01
-9.6295E+00	-3.4492E+01	-9.6289E+00	-3.4556E+01
-9.6768E+00	-3.4358E+01	-9.6757E+00	-3.4465E+01
-9.7233E+00	-3.4213E+01	-9.7216E+00	-3.4376E+01
-9.7689E+00	-3.4054E+01	-9.7666E+00	-3.4289E+01
-9.8138E+00	-3.3883E+01	-9.8106E+00	-3.4204E+01
-9.8578E+00	-3.3699E+01	-9.8536E+00	-3.4121E+01
-9.9010E+00	-3.3502E+01	-9.8956E+00	-3.4040E+01
-9.9433E+00	-3.3293E+01	-9.9366E+00	-3.3961E+01
-9.9848E+00	-3.3070E+01	-9.9767E+00	-3.3885E+01
-1.0025E+01	-3.2835E+01	-1.0016E+01	-3.3811E+01
-1.0065E+01	-3.2586E+01	-1.0054E+01	-3.3740E+01
-1.0104E+01	-3.2325E+01	-1.0091E+01	-3.3672E+01
-1.0142E+01	-3.2050E+01	-1.0127E+01	-3.3607E+01
-1.0180E+01	-3.1762E+01	-1.0162E+01	-3.3545E+01
-1.0216E+01	-3.1460E+01	-1.0196E+01	-3.3486E+01
-1.0251E+01	-3.1146E+01	-1.0228E+01	-3.3431E+01
-1.0286E+01	-3.0818E+01	-1.0260E+01	-3.3380E+01
-1.0320E+01	-3.0476E+01	-1.0291E+01	-3.3334E+01
-1.0352E+01	-3.0122E+01	-1.0321E+01	-3.3291E+01
-1.0384E+01	-2.9753E+01	-1.0349E+01	-3.3253E+01
-1.0415E+01	-2.9372E+01	-1.0377E+01	-3.3219E+01
-1.0445E+01	-2.8976E+01	-1.0403E+01	-3.3191E+01
-1.0475E+01	-2.8567E+01	-1.0429E+01	-3.3168E+01
-1.0503E+01	-2.8144E+01	-1.0453E+01	-3.3151E+01
-1.0530E+01	-2.7708E+01	-1.0476E+01	-3.3139E+01
-1.0557E+01	-2.7257E+01	-1.0498E+01	-3.3133E+01
-1.0582E+01	-2.6792E+01	-1.0519E+01	-3.3133E+01
-1.0607E+01	-2.6313E+01	-1.0539E+01	-3.3139E+01
-1.0631E+01	-2.5820E+01	-1.0557E+01	-3.3151E+01
-1.0653E+01	-2.5312E+01	-1.0575E+01	-3.3169E+01
-1.0675E+01	-2.4789E+01	-1.0591E+01	-3.3193E+01
-1.0696E+01	-2.4250E+01	-1.0606E+01	-3.3221E+01
-1.0716E+01	-2.3696E+01	-1.0621E+01	-3.3253E+01
-1.0735E+01	-2.3126E+01	-1.0634E+01	-3.3289E+01
-1.0753E+01	-2.2539E+01	-1.0645E+01	-3.3325E+01
-1.0770E+01	-2.1934E+01	-1.0656E+01	-3.3360E+01
-1.0787E+01	-2.1311E+01	-1.0666E+01	-3.3391E+01
-1.0802E+01	-2.0669E+01	-1.0675E+01	-3.3414E+01
-1.0817E+01	-2.0007E+01	-1.0682E+01	-3.3425E+01
-1.0830E+01	-1.9323E+01	-1.0689E+01	-3.3419E+01
-1.0843E+01	-1.8616E+01	-1.0695E+01	-3.3388E+01
-1.0855E+01	-1.7884E+01	-1.0700E+01	-3.3326E+01
-1.0866E+01	-1.7126E+01	-1.0705E+01	-3.3225E+01
-1.0876E+01	-1.6340E+01	-1.0709E+01	-3.3076E+01
-1.0885E+01	-1.5523E+01	-1.0712E+01	-3.2871E+01
-1.0894E+01	-1.4673E+01	-1.0715E+01	-3.2601E+01
-1.0902E+01	-1.3788E+01	-1.0717E+01	-3.2259E+01
-1.0909E+01	-1.2866E+01	-1.0719E+01	-3.1838E+01
-1.0915E+01	-1.1903E+01	-1.0721E+01	-3.1333E+01
-1.0921E+01	-1.0898E+01	-1.0722E+01	-3.0739E+01
-1.0926E+01	-9.8473E+00	-1.0724E+01	-3.0051E+01
-1.0930E+01	-8.7498E+00	-1.0725E+01	-2.9267E+01
-1.0933E+01	-7.6031E+00	-1.0726E+01	-2.8386E+01
-1.0936E+01	-6.4051E+00	-1.0726E+01	-2.7403E+01
-1.0939E+01	-5.1539E+00	-1.0727E+01	-2.6319E+01
-1.0941E+01	-3.8481E+00	-1.0728E+01	-2.5132E+01
-1.0942E+01	-2.4862E+00	-1.0728E+01	-2.3841E+01
-1.0943E+01	-1.0670E+00	-1.0729E+01	-2.2445E+01
-1.0943E+01	4.1067E-01	-1.0729E+01	-2.0943E+01
-1.0942E+01	1.9476E+00	-1.0729E+01	-1.9334E+01
-1.0941E+01	3.5444E+00	-1.0730E+01	-1.7618E+01
-1.0940E+01	5.2017E+00	-1.0730E+01	-1.5793E+01
-1.0938E+01	6.9198E+00	-1.0730E+01	-1.3860E+01
-1.0935E+01	8.6989E+00	-1.0730E+01	-1.1816E+01
-1.0932E+01	1.0539E+01	-1.0730E+01	-9.6620E+00
-1.0929E+01	1.2441E+01	-1.0730E+01	-7.3966E+00
-1.0924E+01	1.4403E+01	-1.0730E+01	-5.0190E+00
-1.0920E+01	1.6426E+01	-1.0730E+01	-2.5285E+00
-1.0915E+01	1.8509E+01	-1.0730E+01	7.5228E-02
-1.0909E+01	2.0652E+01	-1.0730E+01	2.7926E+00
-1.0903E+01	2.2854E+01	-1.0730E+01	5.6230E+00
-1.0896E+01	2.5115E+01	-1.0730E+01	8.5657E+00
-1.0888E+01	2.7434E+01	-1.0730E+01	1.1619E+01
-1.0880E+01	2.9810E+01	-1.0730E+01	1.4782E+01
-1.0872E+01	3.2242E+01	-1.0730E+01	1.8051E+01
-1.0863E+01	3.4729E+01	-1.0730E+01	2.1426E+01
-1.0853E+01	3.7271E+01	-1.0729E+01	2.4902E+01
-1.0843E+01	3.9865E+01	-1.0729E+01	2.8477E+01
-1.0832E+01	4.2513E+01	-1.0728E+01	3.2147E+01
-1.0820E+01	4.5211E+01	-1.0727E+01	3.5907E+01
-1.0808E+01	4.7959E+01	-1.0726E+01	3.9754E+01
-1.0796E+01	5.0756E+01	-1.0725E+01	4.3682E+01
-1.0782E+01	5.3600E+01	-1.0723E+01	4.7686E+01
-1.0768E+01	5.6490E+01	-1.0721E+01	5.1760E+01
-1.0753E+01	5.9425E+01	-1.0718E+01	5.5898E+01
-1.0738E+01	6.2404E+01	-1.0715E+01	6.0094E+01
-1.0722E+01	6.5425E+01	-1.0711E+01	6.4339E+01
-1.0705E+01	6.8486E+01	-1.0707E+01	6.8627E+01
-1.0688E+01	7.1586E+01	-1.0701E+01	7.2951E+01
-1.0670E+01	7.4724E+01	-1.0695E+01	7.7302E+01
-1.0651E+01	7.7897E+01	-1.0688E+01	8.1673E+01
-1.0631E+01	8.1105E+01	-1.0680E+01	8.6055E+01
-1.0610E+01	8.4346E+01	-1.0671E+01	9.0440E+01
-1.0589E+01	8.7618E+01	-1.0661E+01	9.4820E+01
-1.0567E+01	9.0919E+01	-1.0650E+01	9.9186E+01
-1.0544E+01	9.4247E+01	-1.0637E+01	1.0353E+02
-1.0521E+01	9.7600E+01	-1.0623E+01	1.0785E+02
-1.0496E+01	1.0098E+02	-1.0608E+01	1.1213E+02
-1.0471E+01	1.0438E+02	-1.0591E+01	1.1636E+02
-1.0445E+01	1.0780E+02	-1.0572E+01	1.2054E+02
-1.0418E+01	1.1123E+02	-1.0552E+01	1.2467E+02
-1.0390E+01	1.1468E+02	-1.0530E+01	1.2873E+02
-1.0361E+01	1.1815E+02	-1.0507E+01	1.3272E+02
-1.0331E+01	1.2162E+02	-1.0481E+01	1.3663E+02
-1.0300E+01	1.2510E+02	-1.0454E+01	1.4047E+02
-1.0269E+01	1.2859E+02	-1.0425E+01	1.4422E+02
-1.0236E+01	1.3208E+02	-1.0394E+01	1.4788E+02
-1.0202E+01	1.3556E+02	-1.0361E+01	1.5146E+02
-1.0167E+01	1.3905E+02	-1.0326E+01	1.5494E+02
-1.0131E+01	1.4252E+02	-1.0289E+01	1.5833E+02
-1.0094E+01	1.4599E+02	-1.0251E+01	1.6162E+02
-1.0056E+01	1.4944E+02	-1.0210E+01	1.6481E+02
-1.0017E+01	1.5287E+02	-1.0167E+01	1.6791E+02
-9.9761E+00	1.5627E+02	-1.0123E+01	1.7091E+02
-9.9342E+00	1.5964E+02	-1.0076E+01	1.7381E+02
-9.8909E+00	1.6297E+02	-1.0027E+01	1.7662E+02
-9.8462E+00	1.6626E+02	-9.9769E+00	1.7933E+02
-9.7999E+00	1.6949E+02	-9.9245E+00	1.8195E+02
-9.7520E+00	1.7265E+02	-9.8703E+00	1.8447E+02
-9.7023E+00	1.7572E+02	-9.8142E+00	1.8691E+02
-9.6507E+00	1.7870E+02	-9.7563E+00	1.8926E+02
-9.5972E+00	1.8159E+02	-9.6966E+00	1.9153E+02
-9.5418E+00	1.8437E+02	-9.6351E+00	1.9371E+02
-9.4844E+00	1.8706E+02	-9.5720E+00	1.9581E+02
-9.4253E+00	1.8965E+02	-9.5071E+00	1.9783E+02
-9.3643E+00	1.9215E+02	-9.4406E+00	1.9978E+02
-9.3015E+00	1.9457E+02	-9.3724E+00	2.0166E+02
-9.2369E+00	1.9689E+02	-9.3026E+00	2.0346E+02
-9.1706E+00	1.9913E+02	-9.2313E+00	2.0520E+02
-9.1026E+00	2.0128E+02	-9.1585E+00	2.0687E+02
-9.0329E+00	2.0335E+02	-9.0841E+00	2.0848E+02
-8.9615E+00	2.0535E+02	-9.0083E+00	2.1003E+02
-8.8886E+00	2.0727E+02	-8.9311E+00	2.1152E+02
-8.8141E+00	2.0912E+02	-8.8524E+00	2.1296E+02
-8.7380E+00	2.1090E+02	-8.7724E+00	2.1434E+02
-8.6604E+00	2.1261E+02	-8.6910E+00	2.1567E+02
-8.5814E+00	2.1425E+02	-8.6083E+00	2.1695E+02
-8.5009E+00	2.1583E+02	-8.5244E+00	2.1818E+02
-8.4190E+00	2.1736E+02	-8.4391E+00	2.1937E+02
-8.3358E+00	2.1882E+02	-8.3526E+00	2.2051E+02
-8.2512E+00	2.2023E+02	-8.2649E+00	2.2161E+02
-8.1653E+00	2.2159E+02	-8.1761E+00	2.2266E+02
-8.0781E+00	2.2290E+02	-8.0860E+00	2.2368E+02
-7.9897E+00	2.2415E+02	-7.9948E+00	2.2466E+02
-7.9001E+00	2.2536E+02	-7.9024E+00	2.2560E+02
-7.8093E+00	2.2653E+02	-7.8090E+00	2.2650E+02
-7.7173E+00	2.2765E+02	-7.7144E+00	2.2737E+02
-7.6242E+00	2.2874E+02	-7.6188E+00	2.2820E+02
-7.5299E+00	2.2978E+02	-7.5221E+00	2.2899E+02
-7.4346E+00	2.3078E+02	-7.4243E+00	2.2975E+02
-7.3382E+00	2.3175E+02	-7.3256E+00	2.3048E+02
-7.2408E+00	2.3268E+02	-7.2258E+00	2.3118E+02
-7.1424E+00	2.3358E+02	-7.1250E+00	2.3184E+02
-7.0429E+00	2.3444E+02	-7.0231E+00	2.3246E+02
-6.9425E+00	2.3527E+02	-6.9204E+00	2.3306E+02
-6.8411E+00	2.3607E+02	-6.8166E+00	2.3362E+02
-6.7388E+00	2.3684E+02	-6.7119E+00	2.3415E+02
-6.6356E+00	2.3758E+02	-6.6062E+00	2.3464E+02
-6.5315E+00	2.3829E+02	-6.4995E+00	2.3510E+02
-6.4264E+00	2.3898E+02	-6.3919E+00	2.3552E+02
-6.3205E+00	2.3963E+02	-6.2833E+00	2.3591E+02
-6.2138E+00	2.4026E+02	-6.1738E+00	2.3626E+02
-6.1062E+00	2.4086E+02	-6.0633E+00	2.3657E+02
-5.9978E+00	2.4143E+02	-5.9519E+00	2.3684E+02
-5.8886E+00	2.4198E+02	-5.8395E+00	2.3707E+02
-5.7785E+00	2.4250E+02	-5.7261E+00	2.3726E+02
-5.6677E+00	2.4300E+02	-5.6118E+00	2.3740E+02
-5.5561E+00	2.4346E+02	-5.4965E+00	2.3750E+02
-5.4438E+00	2.4391E+02	-5.3801E+00	2.3754E+02
-5.3306E+00	2.4433E+02	-5.2627E+00	2.3753E+02
-5.2168E+00	2.4472E+02	-5.1443E+00	2.3747E+02
-5.1022E+00	2.4508E+02	-5.0247E+00	2.3734E+02
-4.9869E+00	2.4542E+02	-4.9041E+00	2.3714E+02
-4.8708E+00	2.4573E+02	-4.7822E+00	2.3687E+02
-4.7541E+00	2.4601E+02	-4.6591E+00	2.3651E+02
-4.6366E+00	2.4627E+02	-4.5346E+00	2.3607E+02
-4.5184E+00	2.4649E+02	-4.4088E+00	2.3553E+02
-4.3996E+00	2.4669E+02	-4.2815E+00	2.3488E+02
-4.2800E+00	2.4686E+02	-4.1525E+00	2.3410E+02
-4.1597E+00	2.4699E+02	-4.0217E+00	2.3319E+02
-4.0388E+00	2.4709E+02	-3.8889E+00	2.3211E+02
-3.9171E+00	2.4716E+02	-3.7540E+00	2.3084E+02
-3.7948E+00	2.4719E+02	-3.6165E+00	2.2937E+02
-3.6717E+00	2.4718E+02	-3.4763E+00	2.2764E+02
-3.5479E+00	2.4713E+02	-3.3327E+00	2.2561E+02
-3.4234E+00	2.4704E+02	-3.1854E+00	2.2325E+02
-3.2981E+00	2.4691E+02	-3.0337E+00	2.2047E+02
-3.1721E+00	2.4672E+02	-2.8768E+00	2.1720E+02
-3.0452E+00	2.4649E+02	-2.7138E+00	2.1335E+02
-2.9176E+00	2.4620E+02	-2.5438E+00	2.0882E+02
-2.7891E+00	2.4584E+02	-2.3657E+00	2.0350E+02
-2.6597E+00	2.4542E+02	-2.1785E+00	1.9730E+02
-2.5293E+00	2.4493E+02	-1.9816E+00	1.9016E+02
-2.3978E+00	2.4435E+02	-1.7751E+00	1.8207E+02
-2.2653E+00	2.4367E+02	-1.5599E+00	1.7314E+02
-2.1315E+00	2.4289E+02	-1.3381E+00	1.6355E+02
-1.9963E+00	2.4200E+02	-1.1124E+00	1.5361E+02
-1.8596E+00	2.4096E+02	-8.8627E-01	1.4363E+02
-1.7211E+00	2.3975E+02	-6.6284E-01	1.3393E+02
-1.5805E+00	2.3836E+02	-4.4473E-01	1.2478E+02
-1.4375E+00	2.3673E+02	-2.3369E-01	1.1635E+02
-1.2915E+00	2.3482E+02	-3.0649E-02	1.0873E+02
-1.1418E+00	2.3255E+02	1.6418E-01	1.0194E+02
-9.8759E-01	2.2982E+02	3.5110E-01	9.5954E+01
-8.2729E-01	2.2650E+02	5.3070E-01	9.0703E+01
-6.5886E-01	2.2237E+02	7.0374E-01	8.6113E+01
-4.7904E-01	2.1711E+02	8.7101E-01	8.2103E+01
-2.8270E-01	2.1020E+02	1.0333E+00	7.8597E+01
-6.1660E-02	2.0081E+02	1.1913E+00	7.5522E+01
1.9584E-01	1.8779E+02	1.3456E+00	7.2816E+01
5.0067E-01	1.7003E+02	1.4967E+00	7.0422E+01
8.4725E-01	1.4809E+02	1.6452E+00	6.8295E+01
1.2020E+00	1.2533E+02	1.7913E+00	6.6396E+01
1.5241E+00	1.0583E+02	1.9355E+00	6.4691E+01
1.7962E+00	9.1330E+01	2.0779E+00	6.3152E+01
2.0237E+00	8.1274E+01	2.2189E+00	6.1758E+01
2.2193E+00	7.4404E+01	2.3584E+00	6.0488E+01
2.3938E+00	6.9634E+01	2.4968E+00	5.9327E+01
2.5546E+00	6.6214E+01	2.6342E+00	5.8260E+01
2.7067E+00	6.3661E+01	2.7706E+00	5.7277E+01
2.8530E+00	6.1669E+01	2.9060E+00	5.6368E+01
2.9955E+00	6.0049E+01	3.0407E+00	5.5524E+01
3.1352E+00	5.8684E+01	3.1747E+00	5.4739E+01
3.2729E+00	5.7500E+01	3.3079E+00	5.4006E+01
3.4091E+00	5.6450E+01	3.4405E+00	5.3319E+01
3.5441E+00	5.5505E+01	3.5724E+00	5.2676E+01
3.6780E+00	5.4645E+01	3.7037E+00	5.2070E+01
3.8109E+00	5.3854E+01	3.8345E+00	5.1499E+01
3.9430E+00	5.3124E+01	3.9647E+00	5.0960E+01
4.0743E+00	5.2445E+01	4.0943E+00	5.0450E+01
4.2049E+00	5.1811E+01	4.2234E+00	4.9966E+01
4.3349E+00	5.1218E+01	4.3520E+00	4.9506E+01
4.4641E+00	5.0661E+01	4.4800E+00	4.9068E+01
4.5927E+00	5.0137E+01	4.6076E+00	4.8651E+01
4.7207E+00	4.9641E+01	4.7346E+00	4.8253E+01
4.8481E+00	4.9172E+01	4.8611E+00	4.7872E+01
4.9749E+00	4.8727E+01	4.9871E+00	4.7508E+01
5.1011E+00	4.8304E+01	5.1126E+00	4.7158E+01
5.2268E+00	4.7901E+01	5.2375E+00	4.6822E+01
5.3518E+00	4.7516E+01	5.3620E+00	4.6499E+01
5.4763E+00	4.7148E+01	5.4859E+00	4.6188E+01
5.6002E+00	4.6796E+01	5.6093E+00	4.5889E+01
5.7236E+00	4.6458E+01	5.7322E+00	4.5599E+01
5.8463E+00	4.6134E+01	5.8545E+00	4.5320E+01
5.9685E+00	4.5822E+01	5.9763E+00	4.5050E+01
6.0901E+00	4.5521E+01	6.0975E+00	4.4788E+01
6.2112E+00	4.5231E+01	6.2181E+00	4.4534E+01
6.3316E+00	4.4951E+01	6.3382E+00	4.4288E+01
6.4514E+00	4.4680E+01	6.4577E+00	4.4049E+01
6.5706E+00	4.4418E+01	6.5766E+00	4.3817E+01
6.6892E+00	4.4164E+01	6.6950E+00	4.3590E+01
6.8072E+00	4.3917E+01	6.8127E+00	4.3370E+01
6.9246E+00	4.3677E+01	6.9298E+00	4.3155E+01
7.0413E+00	4.3444E+01	7.0463E+00	4.2945E+01
7.1574E+00	4.3218E+01	7.1621E+00	4.2741E+01
7.2728E+00	4.2997E+01	7.2774E+00	4.2541E+01
7.3876E+00	4.2781E+01	7.3919E+00	4.2345E+01
7.5016E+00	4.2571E+01	7.5058E+00	4.2153E+01
7.6151E+00	4.2366E+01	7.6190E+00	4.1966E+01
7.7278E+00	4.2165E+01	7.7316E+00	4.1782E+01
7.8398E+00	4.1968E+01	7.8435E+00	4.1601E+01
7.9511E+00	4.1776E+01	7.9546E+00	4.1424E+01
8.0617E+00	4.1587E+01	8.0650E+00	4.1250E+01
8.1715E+00	4.1402E+01	8.1748E+00	4.1079E+01
8.2806E+00	4.1220E+01	8.2837E+00	4.0911E+01
8.3890E+00	4.1042E+01	8.3920E+00	4.0745E+01
8.4966E+00	4.0866E+01	8.4995E+00	4.0582E+01
8.6034E+00	4.0694E+01	8.6062E+00	4.0421E+01
8.7095E+00	4.0524E+01	8.7121E+00	4.0262E+01
8.8148E+00	4.0357E+01	8.8173E+00	4.0106E+01
8.9192E+00	4.0192E+01	8.9216E+00	3.9952E+01
9.0229E+00	4.0029E+01	9.0252E+00	3.9799E+01
9.1257E+00	3.9869E+01	9.1279E+00	3.9649E+01
9.2277E+00	3.9711E+01	9.2298E+00	3.9500E+01
9.3288E+00	3.9554E+01	9.3309E+00	3.9352E+01
9.4291E+00	3.9400E+01	9.4311E+00	3.9207E+01
9.5286E+00	3.9247E+01	9.5304E+00	3.9063E+01
9.6271E+00	3.9096E+01	9.6289E+00	3.8920E+01
9.7248E+00	3.8946E+01	9.7265E+00	3.8778E+01
9.8216E+00	3.8798E+01	9.8232E+00	3.8638E+01
9.9174E+00	3.8652E+01	9.9190E+00	3.8499E+01
1.0012E+01	3.8507E+01	1.0014E+01	3.8361E+01
1.0106E+01	3.8363E+01	1.0108E+01	3.8225E+01
1.0200E+01	3.8220E+01	1.0201E+01	3.8089E+01
1.0292E+01	3.8078E+01	1.0293E+01	3.7955E+01
1.0383E+01	3.7938E+01	1.0384E+01	3.7821E+01
1.0473E+01	3.7798E+01	1.0474E+01	3.7688E+01
1.0562E+01	3.7660E+01	1.0563E+01	3.7556E+01
1.0651E+01	3.7523E+01	1.0652E+01	3.7425E+01
1.0738E+01	3.7386E+01	1.0739E+01	3.7295E+01
1.0824E+01	3.7250E+01	1.0825E+01	3.7166E+01
1.0909E+01	3.7116E+01	1.0910E+01	3.7038E+01
1.0994E+01	3.6982E+01	1.0994E+01	3.6910E+01
1.1077E+01	3.6849E+01	1.1077E+01	3.6783E+01
1.1159E+01	3.6716E+01	1.1160E+01	3.6656E+01
1.1240E+01	3.6585E+01	1.1241E+01	3.6531E+01
1.1320E+01	3.6454E+01	1.1321E+01	3.6406E+01
1.1399E+01	3.6324E+01	1.1399E+01	3.6282E+01
1.1477E+01	3.6194E+01	1.1477E+01	3.6158E+01
1.1554E+01	3.6066E+01	1.1554E+01	3.6036E+01
1.1629E+01	3.5938E+01	1.1630E+01	3.5913E+01
1.1704E+01	3.5811E+01	1.1704E+01	3.5792E+01
1.1777E+01	3.5684E+01	1.1777E+01	3.5671E+01
1.1850E+01	3.5558E+01	1.1850E+01	3.5552E+01
1.1921E+01	3.5433E+01	1.1921E+01	3.5432E+01
1.1991E+01	3.5309E+01	1.1991E+01	3.5314E+01
1.2060E+01	3.5185E+01	1.2060E+01	3.5196E+01
1.2127E+01	3.5063E+01	1.2127E+01	3.5080E+01
1.2194E+01	3.4941E+01	1.2194E+01	3.4964E+01
1.2259E+01	3.4820E+01	1.2259E+01	3.4849E+01
1.2323E+01	3.4700E+01	1.2323E+01	3.4735E+01
1.2386E+01	3.4581E+01	1.2386E+01	3.4622E+01
1.2448E+01	3.4463E+01	1.2448E+01	3.4510E+01
1.2509E+01	3.4346E+01	1.2508E+01	3.4400E+01
1.2568E+01	3.4231E+01	1.2567E+01	3.4290E+01
1.2626E+01	3.4117E+01	1.2625E+01	3.4182E+01
1.2683E+01	3.4004E+01	1.2682E+01	3.4076E+01
1.2739E+01	3.3893E+01	1.2738E+01	3.3971E+01
1.2793E+01	3.3783E+01	1.2792E+01	3.3867E+01
1.2846E+01	3.3675E+01	1.2845E+01	3.3765E+01
1.2898E+01	3.3570E+01	1.2897E+01	3.3666E+01
1.2948E+01	3.3466E+01	1.2947E+01	3.3568E+01
1.2997E+01	3.3357E+01	1.2996E+01	3.3473E+01
1.3046E+01	3.3232E+01	1.3044E+01	3.3380E+01
1.3093E+01	3.3086E+01	1.3091E+01	3.3289E+01
1.3139E+01	3.2919E+01	1.3136E+01	3.3202E+01
1.3184E+01	3.2730E+01	1.3180E+01	3.3117E+01
1.3227E+01	3.2520E+01	1.3222E+01	3.3036E+01
1.3270E+01	3.2288E+01	1.3263E+01	3.2958E+01
1.3312E+01	3.2034E+01	1.3303E+01	3.2884E+01
1.3352E+01	3.1759E+01	1.3342E+01	3.2815E+01
1.3392E+01	3.1463E+01	1.3379E+01	3.2750E+01
1.3430E+01	3.1145E+01	1.3415E+01	3.2690E+01
1.3467E+01	3.0806E+01	1.3449E+01	3.2635E+01
1.3503E+01	3.0445E+01	1.3482E+01	3.2586E+01
1.3538E+01	3.0063E+01	1.3513E+01	3.2544E+01
1.3572E+01	2.9659E+01	1.3543E+01	3.2508E+01
1.3605E+01	2.9234E+01	1.3572E+01	3.2479E+01
1.3636E+01	2.8788E+01	1.3599E+01	3.2457E+01
1.3666E+01	2.8321E+01	1.3625E+01	3.2444E+01
1.3695E+01	2.7832E+01	1.3649E+01	3.2439E+01
1.3723E+01	2.7322E+01	1.3672E+01	3.2443E+01
1.3750E+01	2.6790E+01	1.3694E+01	3.2456E+01
1.3776E+01	2.6236E+01	1.3713E+01	3.2478E+01
1.3800E+01	2.5660E+01	1.3732E+01	3.2509E+01
1.3824E+01	2.5063E+01	1.3749E+01	3.2549E+01
1.3846E+01	2.4442E+01	1.3764E+01	3.2596E+01
1.3867E+01	2.3798E+01	1.3778E+01	3.2649E+01
1.3887E+01	2.3131E+01	1.3791E+01	3.2707E+01
1.3905E+01	2.2439E+01	1.3802E+01	3.2764E+01
1.3923E+01	2.1721E+01	1.3812E+01	3.2818E+01
1.3939E+01	2.0976E+01	1.3820E+01	3.2861E+01
1.3954E+01	2.0202E+01	1.3827E+01	3.2885E+01
1.3968E+01	1.9398E+01	1.3834E+01	3.2881E+01
1.3981E+01	1.8561E+01	1.3839E+01	3.2837E+01
1.3993E+01	1.7689E+01	1.3843E+01	3.2739E+01
1.4004E+01	1.6779E+01	1.3846E+01	3.2575E+01
1.4014E+01	1.5827E+01	1.3849E+01	3.2330E+01
1.4023E+01	1.4830E+01	1.3851E+01	3.1991E+01
1.4031E+01	1.3784E+01	1.3853E+01	3.1549E+01
1.4038E+01	1.2686E+01	1.3855E+01	3.0995E+01
1.4044E+01	1.1531E+01	1.3856E+01	3.0321E+01
1.4049E+01	1.0316E+01	1.3857E+01	2.9525E+01
1.4054E+01	9.0370E+00	1.3858E+01	2.8601E+01
1.4058E+01	7.6910E+00	1.3859E+01	2.7547E+01
1.4061E+01	6.2749E+00	1.3860E+01	2.6362E+01
1.4063E+01	4.7860E+00	1.3860E+01	2.5043E+01
1.4065E+01	3.2220E+00	1.3861E+01	2.3590E+01
1.4066E+01	1.5809E+00	1.3861E+01	2.2001E+01
1.4066E+01	-1.3900E-01	1.3862E+01	2.0276E+01
1.4065E+01	-1.9390E+00	1.3862E+01	1.8414E+01
1.4064E+01	-3.8201E+00	1.3862E+01	1.6413E+01
1.4063E+01	-5.7832E+00	1.3862E+01	1.4274E+01
1.4061E+01	-7.8287E+00	1.3862E+01	1.1995E+01
1.4058E+01	-9.9568E+00	1.3862E+01	9.5742E+00
1.4054E+01	-1.2168E+01	1.3862E+01	7.0122E+00
1.4050E+01	-1.4461E+01	1.3862E+01	4.3075E+00
1.4045E+01	-1.6837E+01	1.3862E+01	1.4595E+00
1.4040E+01	-1.9294E+01	1.3862E+01	-1.5325E+00
1.4034E+01	-2.1833E+01	1.3862E+01	-4.6683E+00
1.4027E+01	-2.4451E+01	1.3862E+01	-7.9469E+00
1.4020E+01	-2.7149E+01	1.3862E+01	-1.1367E+01
1.4012E+01	-2.9926E+01	1.3862E+01	-1.4926E+01
1.4004E+01	-3.2779E+01	1.3862E+01	-1.8622E+01
1.3994E+01	-3.5709E+01	1.3862E+01	-2.2452E+01
1.3985E+01	-3.8713E+01	1.3861E+01	-2.6412E+01
1.3974E+01	-4.1790E+01	1.3861E+01	-3.0498E+01
1.3963E+01	-4.4939E+01	1.3860E+01	-3.4705E+01
1.3950E+01	-4.8158E+01	1.3859E+01	-3.9028E+01
1.3938E+01	-5.1445E+01	1.3858E+01	-4.3461E+01
1.3924E+01	-5.4799E+01	1.3856E+01	-4.7996E+01
1.3910E+01	-5.8218E+01	1.3854E+01	-5.2628E+01
1.3895E+01	-6.1701E+01	1.3851E+01	-5.7347E+01
1.3879E+01	-6.5244E+01	1.3848E+01	-6.2145E+01
1.3862E+01	-6.8846E+01	1.3844E+01	-6.7014E+01
1.3845E+01	-7.2506E+01	1.3839E+01	-7.1943E+01
1.3826E+01	-7.6221E+01	1.3833E+01	-7.6923E+01
1.3807E+01	-7.9988E+01	1.3826E+01	-8.1944E+01
1.3787E+01	-8.3807E+01	1.3819E+01	-8.6994E+01
1.3766E+01	-8.7673E+01	1.3810E+01	-9.2062E+01
1.3744E+01	-9.1585E+01	1.3799E+01	-9.7138E+01
1.3721E+01	-9.5541E+01	1.3787E+01	-1.0221E+02
1.3697E+01	-9.9537E+01	1.3774E+01	-1.0727E+02
1.3672E+01	-1.0357E+02	1.3759E+01	-1.1230E+02
1.3646E+01	-1.0764E+02	1.3743E+01	-1.1730E+02
1.3619E+01	-1.1174E+02	1.3724E+01	-1.2224E+02
1.3591E+01	-1.1587E+02	1.3704E+01	-1.2714E+02
1.3562E+01	-1.2003E+02	1.3681E+01	-1.3196E+02
1.3532E+01	-1.2421E+02	1.3657E+01	-1.3672E+02
1.3501E+01	-1.2840E+02	1.3630E+01	-1.4139E+02
1.3468E+01	-1.3261E+02	1.3602E+01	-1.4597E+02
1.3434E+01	-1.3683E+02	1.3570E+01	-1.5045E+02
1.3399E+01	-1.4105E+02	1.3537E+01	-1.5484E+02
1.3363E+01	-1.4528E+02	1.3501E+01	-1.5911E+02
1.3325E+01	-1.4949E+02	1.3463E+01	-1.6328E+02
1.3286E+01	-1.5370E+02	1.3422E+01	-1.6733E+02
1.3245E+01	-1.5788E+02	1.3379E+01	-1.7126E+02
1.3203E+01	-1.6203E+02	1.3333E+01	-1.7508E+02
1.3159E+01	-1.6614E+02	1.3285E+01	-1.7877E+02
1.3113E+01	-1.7019E+02	1.3234E+01	-1.8235E+02
1.3065E+01	-1.7417E+02	1.3181E+01	-1.8581E+02
1.3015E+01	-1.7805E+02	1.3126E+01	-1.8915E+02
1.2962E+01	-1.8182E+02	1.3068E+01	-1.9237E+02
1.2907E+01	-1.8546E+02	1.3007E+01	-1.9547E+02
1.2850E+01	-1.8899E+02	1.2945E+01	-1.9847E+02
1.2790E+01	-1.9240E+02	1.2880E+01	-2.0135E+02
1.2728E+01	-1.9569E+02	1.2812E+01	-2.0413E+02
1.2663E+01	-1.9887E+02	1.2743E+01	-2.0680E+02
1.2596E+01	-2.0193E+02	1.2671E+01	-2.0937E+02
1.2527E+01	-2.0488E+02	1.2597E+01	-2.1184E+02
1.2456E+01	-2.0773E+02	1.2521E+01	-2.1422E+02
1.2382E+01	-2.1046E+02	1.2442E+01	-2.1650E+02
1.2306E+01	-2.1310E+02	1.2362E+01	-2.1870E+02
1.2228E+01	-2.1563E+02	1.2280E+01	-2.2082E+02
1.2148E+01	-2.1807E+02	1.2196E+01	-2.2286E+02
1.2065E+01	-2.2042E+02	1.2109E+01	-2.2482E+02
1.1981E+01	-2.2267E+02	1.2021E+01	-2.2671E+02
1.1895E+01	-2.2484E+02	1.1932E+01	-2.2852E+02
1.1806E+01	-2.2693E+02	1.1840E+01	-2.3027E+02
1.1716E+01	-2.2893E+02	1.1747E+01	-2.3196E+02
1.1624E+01	-2.3086E+02	1.1651E+01	-2.3359E+02
1.1530E+01	-2.3272E+02	1.1555E+01	-2.3515E+02
1.1435E+01	-2.3451E+02	1.1456E+01	-2.3667E+02
1.1337E+01	-2.3624E+02	1.1356E+01	-2.3813E+02
1.1238E+01	-2.3790E+02	1.1255E+01	-2.3954E+02
1.1138E+01	-2.3950E+02	1.1152E+01	-2.4090E+02
1.1035E+01	-2.4104E+02	1.1047E+01	-2.4221E+02
1.0932E+01	-2.4253E+02	1.0941E+01	-2.4348E+02
1.0826E+01	-2.4396E+02	1.0834E+01	-2.4471E+02
1.0719E+01	-2.4535E+02	1.0725E+01	-2.4590E+02
1.0611E+01	-2.4669E+02	1.0615E+01	-2.4705E+02
1.0501E+01	-2.4798E+02	1.0503E+01	-2.4816E+02
1.0390E+01	-2.4923E+02	1.0390E+01	-2.4923E+02
1.0277E+01	-2.5044E+02	1.0276E+01	-2.5027E+02
1.0163E+01	-2.5161E+02	1.0160E+01	-2.5127E+02
1.0048E+01	-2.5274E+02	1.0043E+01	-2.5224E+02
9.9316E+00	-2.5383E+02	9.9251E+00	-2.5318E+02
9.8138E+00	-2.5489E+02	9.8057E+00	-2.5409E+02
9.6947E+00	-2.5592E+02	9.6852E+00	-2.5496E+02
9.5745E+00	-2.5691E+02	9.5634E+00	-2.5581E+02
9.4530E+00	-2.5787E+02	9.4405E+00	-2.5662E+02
9.3304E+00	-2.5880E+02	9.3164E+00	-2.5741E+02
9.2066E+00	-2.5970E+02	9.1912E+00	-2.5816E+02
9.0817E+00	-2.6057E+02	9.0648E+00	-2.5889E+02
8.9557E+00	-2.6142E+02	8.9373E+00	-2.5958E+02
8.8286E+00	-2.6224E+02	8.8087E+00	-2.6025E+02
8.7004E+00	-2.6303E+02	8.6790E+00	-2.6089E+02
8.5712E+00	-2.6379E+02	8.5482E+00	-2.6150E+02
8.4409E+00	-2.6453E+02	8.4164E+00	-2.6208E+02
8.3097E+00	-2.6525E+02	8.2835E+00	-2.6263E+02
8.1774E+00	-2.6594E+02	8.1495E+00	-2.6314E+02
8.0442E+00	-2.6660E+02	8.0145E+00	-2.6363E+02
7.9100E+00	-2.6725E+02	7.8784E+00	-2.6409E+02
7.7748E+00	-2.6786E+02	7.7413E+00	-2.6451E+02
7.6387E+00	-2.6846E+02	7.6032E+00	-2.6490E+02
7.5017E+00	-2.6903E+02	7.4640E+00	-2.6526E+02
7.3638E+00	-2.6957E+02	7.3238E+00	-2.6558E+02
7.2249E+00	-2.7010E+02	7.1826E+00	-2.6586E+02
7.0852E+00	-2.7060E+02	7.0404E+00	-2.6611E+02
6.9447E+00	-2.7107E+02	6.8971E+00	-2.6631E+02
6.8033E+00	-2.7152E+02	6.7528E+00	-2.6647E+02
6.6610E+00	-2.7195E+02	6.6074E+00	-2.6659E+02
6.5179E+00	-2.7235E+02	6.4609E+00	-2.6666E+02
6.3740E+00	-2.7273E+02	6.3134E+00	-2.6667E+02
6.2293E+00	-2.7309E+02	6.1647E+00	-2.6663E+02
6.0837E+00	-2.7341E+02	6.0149E+00	-2.6653E+02
5.9374E+00	-2.7372E+02	5.8639E+00	-2.6636E+02
5.7903E+00	-2.7399E+02	5.7116E+00	-2.6612E+02
5.6424E+00	-2.7424E+02	5.5581E+00	-2.6581E+02
5.4937E+00	-2.7445E+02	5.4032E+00	-2.6540E+02
5.3443E+00	-2.7464E+02	5.2469E+00	-2.6490E+02
5.1941E+00	-2.7480E+02	5.0890E+00	-2.6429E+02
5.0432E+00	-2.7493E+02	4.9294E+00	-2.6355E+02
4.8915E+00	-2.7502E+02	4.7680E+00	-2.6267E+02
4.7390E+00	-2.7508E+02	4.6045E+00	-2.6163E+02
4.5858E+00	-2.7510E+02	4.4387E+00	-2.6040E+02
4.4318E+00	-2.7508E+02	4.2703E+00	-2.5894E+02
4.2770E+00	-2.7503E+02	4.0989E+00	-2.5722E+02
4.1215E+00	-2.7493E+02	3.9239E+00	-2.5517E+02
3.9651E+00	-2.7478E+02	3.7447E+00	-2.5274E+02
3.8079E+00	-2.7458E+02	3.5605E+00	-2.4984E+02
3.6499E+00	-2.7433E+02	3.3700E+00	-2.4634E+02
3.4909E+00	-2.7401E+02	3.1720E+00	-2.4212E+02
3.3311E+00	-2.7364E+02	2.9645E+00	-2.3698E+02
3.1703E+00	-2.7319E+02	2.7456E+00	-2.3072E+02
3.0084E+00	-2.7266E+02	2.5129E+00	-2.2311E+02
2.8454E+00	-2.7204E+02	2.2645E+00	-2.1395E+02
2.6811E+00	-2.7131E+02	1.9996E+00	-2.0316E+02
2.5156E+00	-2.7048E+02	1.7194E+00	-1.9086E+02
2.3484E+00	-2.6950E+02	1.4280E+00	-1.7746E+02
2.1796E+00	-2.6838E+02	1.1316E+00	-1.6358E+02
2.0087E+00	-2.6706E+02	8.3728E-01	-1.4992E+02
1.8354E+00	-2.6552E+02	5.5110E-01	-1.3708E+02
1.6593E+00	-2.6370E+02	2.7706E-01	-1.2548E+02
1.4796E+00	-2.6153E+02	1.6980E-02	-1.1527E+02
1.2953E+00	-2.5892E+02	-2.2908E-01	-1.0648E+02
1.1050E+00	-2.5572E+02	-4.6215E-01	-9.8998E+01
9.0651E-01	-2.5169E+02	-6.8376E-01	-9.2664E+01
6.9608E-01	-2.4648E+02	-8.9561E-01	-8.7310E+01
4.6747E-01	-2.3945E+02	-1.0993E+00	-8.2775E+01
2.0911E-01	-2.2945E+02	-1.2962E+00	-7.8915E+01
-1.0032E-01	-2.1434E+02	-1.4876E+00	-7.5609E+01
-4.9054E-01	-1.9115E+02	-1.6745E+00	-7.2756E+01
-9.6163E-01	-1.5987E+02	-1.8575E+00	-7.0276E+01
-1.4405E+00	-1.2779E+02	-2.0375E+00	-6.8103E+01
-1.8446E+00	-1.0320E+02	-2.2148E+00	-6.6184E+01
-2.1599E+00	-8.7472E+01	-2.3899E+00	-6.4478E+01
-2.4139E+00	-7.7872E+01	-2.5631E+00	-6.2951E+01
-2.6317E+00	-7.1866E+01	-2.7346E+00	-6.1576E+01
-2.8291E+00	-6.7897E+01	-2.9047E+00	-6.0331E+01
-3.0146E+00	-6.5097E+01	-3.0736E+00	-5.9197E+01
-3.1931E+00	-6.2982E+01	-3.2413E+00	-5.8161E+01
-3.3672E+00	-6.1290E+01	-3.4080E+00	-5.7209E+01
-3.5383E+00	-5.9870E+01	-3.5737E+00	-5.6332E+01
-3.7073E+00	-5.8639E+01	-3.7385E+00	-5.5520E+01
-3.8747E+00	-5.7548E+01	-3.9026E+00	-5.4766E+01
-4.0408E+00	-5.6567E+01	-4.0658E+00	-5.4064E+01
-4.2057E+00	-5.5675E+01	-4.2283E+00	-5.3408E+01
-4.3695E+00	-5.4857E+01	-4.3902E+00	-5.2793E+01
-4.5325E+00	-5.4103E+01	-4.5513E+00	-5.2216E+01
-4.6945E+00	-5.3405E+01	-4.7118E+00	-5.1673E+01
-4.8557E+00	-5.2756E+01	-4.8717E+00	-5.1161E+01
-5.0162E+00	-5.2150E+01	-5.0309E+00	-5.0676E+01
-5.1758E+00	-5.1583E+01	-5.1895E+00	-5.0217E+01
-5.3348E+00	-5.1050E+01	-5.3475E+00	-4.9780E+01
-5.4930E+00	-5.0548E+01	-5.5049E+00	-4.9366E+01
-5.6506E+00	-5.0074E+01	-5.6616E+00	-4.8970E+01
-5.8075E+00	-4.9625E+01	-5.8178E+00	-4.8593E+01
-5.9637E+00	-4.9200E+01	-5.9734E+00	-4.8232E+01
-6.1192E+00	-4.8795E+01	-6.1283E+00	-4.7886E+01
-6.2741E+00	-4.8409E+01	-6.2826E+00	-4.7554E+01
-6.4283E+00	-4.8041E+01	-6.4363E+00	-4.7236E+01
-6.5818E+00	-4.7689E+01	-6.5894E+00	-4.6929E+01
-6.7346E+00	-4.7351E+01	-6.7418E+00	-4.6634E+01
-6.8868E+00	-4.7028E+01	-6.8936E+00	-4.6349E+01
-7.0383E+00	-4.6716E+01	-7.0447E+00	-4.6074E+01
-7.1891E+00	-4.6417E+01	-7.1952E+00	-4.5808E+01
-7.3392E+00	-4.6128E+01	-7.3449E+00	-4.5550E+01
-7.4886E+00	-4.5849E+01	-7.4940E+00	-4.5300E+01
-7.6372E+00	-4.5580E+01	-7.6425E+00	-4.5058E+01
-7.7852E+00	-4.5319E+01	-7.7902E+00	-4.4822E+01
-7.9324E+00	-4.5066E+01	-7.9372E+00	-4.4593E+01
-8.0789E+00	-4.4821E+01	-8.0834E+00	-4.4370E+01
-8.2246E+00	-4.4582E+01	-8.2289E+00	-4.4152E+01
-8.3696E+00	-4.4350E+01	-8.3737E+00	-4.3940E+01
-8.5138E+00	-4.4124E+01	-8.5177E+00	-4.3732E+01
-8.6572E+00	-4.3904E+01	-8.6610E+00	-4.3530E+01
-8.7998E+00	-4.3690E+01	-8.8034E+00	-4.3331E+01
-8.9416E+00	-4.3480E+01	-8.9451E+00	-4.3137E+01
-9.0826E+00	-4.3274E+01	-9.0859E+00	-4.2947E+01
-9.2228E+00	-4.3074E+01	-9.2259E+00	-4.2760E+01
-9.3621E+00	-4.2877E+01	-9.3651E+00	-4.2577E+01
-9.5005E+00	-4.2684E+01	-9.5034E+00	-4.2397E+01
-9.6381E+00	-4.2495E+01	-9.6408E+00	-4.2220E+01
-9.7748E+00	-4.2309E+01	-9.7774E+00	-4.2045E+01
-9.9106E+00	-4.2126E+01	-9.9131E+00	-4.1874E+01
-1.0045E+01	-4.1947E+01	-1.0048E+01	-4.1704E+01
-1.0179E+01	-4.1770E+01	-1.0182E+01	-4.1538E+01
-1.0312E+01	-4.1596E+01	-1.0315E+01	-4.1373E+01
-1.0445E+01	-4.1424E+01	-1.0447E+01	-4.1211E+01
-1.0576E+01	-4.1254E+01	-1.0578E+01	-4.1050E+01
-1.0706E+01	-4.1087E+01	-1.0708E+01	-4.0891E+01
-1.0835E+01	-4.0922E+01	-1.0837E+01	-4.0734E+01
-1.0963E+01	-4.0759E+01	-1.0965E+01	-4.0579E+01
-1.1090E+01	-4.0597E+01	-1.1092E+01	-4.0425E+01
-1.1217E+01	-4.0437E+01	-1.1218E+01	-4.0273E+01
-1.1342E+01	-4.0279E+01	-1.1343E+01	-4.0122E+01
-1.1466E+01	-4.0122E+01	-1.1467E+01	-3.9972E+01
-1.1589E+01	-3.9967E+01	-1.1590E+01	-3.9823E+01
-1.1711E+01	-3.9813E+01	-1.1712E+01	-3.9676E+01
-1.1831E+01	-3.9660E+01	-1.1833E+01	-3.9529E+01
-1.1951E+01	-3.9508E+01	-1.1952E+01	-3.9384E+01
-1.2070E+01	-3.9357E+01	-1.2071E+01	-3.9239E+01
-1.2187E+01	-3.9208E+01	-1.2188E+01	-3.9096E+01
-1.2304E+01	-3.9059E+01	-1.2305E+01	-3.8953E+01
-1.2419E+01	-3.8911E+01	-1.2420E+01	-3.8810E+01
-1.2533E+01	-3.8764E+01	-1.2534E+01	-3.8669E+01
-1.2646E+01	-3.8618E+01	-1.2647E+01	-3.8528E+01
-1.2758E+01	-3.8472E+01	-1.2758E+01	-3.8388E+01
-1.2868E+01	-3.8327E+01	-1.2869E+01	-3.8248E+01
-1.2977E+01	-3.8183E+01	-1.2978E+01	-3.8109E+01
-1.3085E+01	-3.8039E+01	-1.3086E+01	-3.7970E+01
-1.3192E+01	-3.7895E+01	-1.3193E+01	-3.7832E+01
-1.3298E+01	-3.7753E+01	-1.3298E+01	-3.7694E+01
-1.3402E+01	-3.7610E+01	-1.3403E+01	-3.7557E+01
-1.3505E+01	-3.7468E+01	-1.3506E+01	-3.7420E+01
-1.3607E+01	-3.7327E+01	-1.3607E+01	-3.7283E+01
-1.3707E+01	-3.7186E+01	-1.3708E+01	-3.7147E+01
-1.3807E+01	-3.7045E+01	-1.3807E+01	-3.7011E+01
-1.3905E+01	-3.6904E+01	-1.3905E+01	-3.6875E+01
-1.4001E+01	-3.6764E+01	-1.4001E+01	-3.6740E+01
-1.4096E+01	-3.6624E+01	-1.4096E+01	-3.6605E+01
-1.4190E+01	-3.6484E+01	-1.4190E+01	-3.6470E+01
-1.4283E+01	-3.6345E+01	-1.4283E+01	-3.6336E+01
-1.4374E+01	-3.6206E+01	-1.4374E+01	-3.6201E+01
-1.4463E+01	-3.6067E+01	-1.4463E+01	-3.6068E+01
-1.4552E+01	-3.5929E+01	-1.4552E+01	-3.5934E+01
-1.4639E+01	-3.5791E+01	-1.4639E+01	-3.5801E+01
-1.4724E+01	-3.5653E+01	-1.4724E+01	-3.5668E+01
-1.4808E+01	-3.5515E+01	-1.4808E+01	-3.5536E+01
-1.4891E+01	-3.5378E+01	-1.4891E+01	-3.5404E+01
-1.4972E+01	-3.5241E+01	-1.4972E+01	-3.5272E+01
-1.5052E+01	-3.5105E+01	-1.5052E+01	-3.5141E+01
-1.5130E+01	-3.4968E+01	-1.5130E+01	-3.5010E+01
-1.5207E+01	-3.4833E+01	-1.5207E+01	-3.4880E+01
-1.5283E+01	-3.4698E+01	-1.5282E+01	-3.4751E+01
-1.5357E+01	-3.4563E+01	-1.5356E+01	-3.4622E+01
-1.5429E+01	-3.4430E+01	-1.5428E+01	-3.4494E+01
-1.5500E+01	-3.4297E+01	-1.5499E+01	-3.4367E+01
-1.5569E+01	-3.4164E+01	-1.5568E+01	-3.4241E+01
-1.5637E+01	-3.4033E+01	-1.5636E+01	-3.4116E+01
-1.5703E+01	-3.3903E+01	-1.5702E+01	-3.3992E+01
-1.5768E+01	-3.3774E+01	-1.5767E+01	-3.3869E+01
-1.5831E+01	-3.3646E+01	-1.5830E+01	-3.3748E+01
-1.5893E+01	-3.3520E+01	-1.5892E+01	-3.3628E+01
-1.5953E+01	-3.3395E+01	-1.5951E+01	-3.3510E+01
-1.6011E+01	-3.3272E+01	-1.6010E+01	-3.3394E+01
-1.6068E+01	-3.3151E+01	-1.6067E+01	-3.3279E+01
-1.6123E+01	-3.3033E+01	-1.6122E+01	-3.3167E+01
-1.6177E+01	-3.2917E+01	-1.6175E+01	-3.3058E+01
-1.6229E+01	-3.2805E+01	-1.6227E+01	-3.2952E+01
-1.6279E+01	-3.2695E+01	-1.6277E+01	-3.2848E+01
-1.6328E+01	-3.2573E+01	-1.6326E+01	-3.2748E+01
-1.6375E+01	-3.2423E+01	-1.6373E+01	-3.2652E+01
-1.6421E+01	-3.2242E+01	-1.6418E+01	-3.2560E+01
-1.6466E+01	-3.2030E+01	-1.6462E+01	-3.2473E+01
-1.6510E+01	-3.1787E+01	-1.6504E+01	-3.2391E+01
-1.6552E+01	-3.1513E+01	-1.6544E+01	-3.2315E+01
-1.6593E+01	-3.1207E+01	-1.6582E+01	-3.2244E+01
-1.6632E+01	-3.0871E+01	-1.6619E+01	-3.2181E+01
-1.6670E+01	-3.0504E+01	-1.6654E+01	-3.2125E+01
-1.6707E+01	-3.0106E+01	-1.6687E+01	-3.2077E+01
-1.6742E+01	-2.9678E+01	-1.6719E+01	-3.2038E+01
-1.6776E+01	-2.9220E+01	-1.6748E+01	-3.2009E+01
-1.6809E+01	-2.8731E+01	-1.6776E+01	-3.1990E+01
-1.6840E+01	-2.8212E+01	-1.6803E+01	-3.1982E+01
-1.6870E+01	-2.7663E+01	-1.6827E+01	-3.1987E+01
-1.6899E+01	-2.7083E+01	-1.6849E+01	-3.2003E+01
-1.6926E+01	-2.6474E+01	-1.6870E+01	-3.2032E+01
-1.6951E+01	-2.5834E+01	-1.6889E+01	-3.2074E+01
-1.6975E+01	-2.5163E+01	-1.6906E+01	-3.2128E+01
-1.6998E+01	-2.4461E+01	-1.6921E+01	-3.2192E+01
-1.7020E+01	-2.3727E+01	-1.6934E+01	-3.2263E+01
-1.7040E+01	-2.2960E+01	-1.6946E+01	-3.2338E+01
-1.7058E+01	-2.2159E+01	-1.6956E+01	-3.2409E+01
-1.7076E+01	-2.1323E+01	-1.6964E+01	-3.2467E+01
-1.7092E+01	-2.0449E+01	-1.6971E+01	-3.2501E+01
-1.7106E+01	-1.9536E+01	-1.6977E+01	-3.2493E+01
-1.7119E+01	-1.8579E+01	-1.6981E+01	-3.2427E+01
-1.7132E+01	-1.7575E+01	-1.6984E+01	-3.2280E+01
-1.7142E+01	-1.6520E+01	-1.6987E+01	-3.2033E+01
-1.7152E+01	-1.5408E+01	-1.6989E+01	-3.1669E+01
-1.7160E+01	-1.4236E+01	-1.6991E+01	-3.1173E+01
-1.7168E+01	-1.2997E+01	-1.6992E+01	-3.0533E+01
-1.7174E+01	-1.1686E+01	-1.6994E+01	-2.9742E+01
-1.7180E+01	-1.0297E+01	-1.6995E+01	-2.8796E+01
-1.7184E+01	-8.8264E+00	-1.6995E+01	-2.7690E+01
-1.7188E+01	-7.2684E+00	-1.6996E+01	-2.6422E+01
-1.7190E+01	-5.6193E+00	-1.6997E+01	-2.4991E+01
-1.7192E+01	-3.8757E+00	-1.6997E+01	-2.3394E+01
-1.7193E+01	-2.0345E+00	-1.6997E+01	-2.1632E+01
-1.7194E+01	-9.3376E-02	-1.6998E+01	-1.9702E+01
-1.7194E+01	1.9496E+00	-1.6998E+01	-1.7604E+01
-1.7192E+01	4.0959E+00	-1.6998E+01	-1.5337E+01
-1.7191E+01	6.3465E+00	-1.6998E+01	-1.2900E+01
-1.7188E+01	8.7021E+00	-1.6998E+01	-1.0292E+01
-1.7185E+01	1.1163E+01	-1.6998E+01	-7.5115E+00
-1.7181E+01	1.3729E+01	-1.6998E+01	-4.5581E+00
-1.7177E+01	1.6400E+01	-1.6998E+01	-1.4307E+00
-1.7171E+01	1.9175E+01	-1.6998E+01	1.8713E+00
-1.7165E+01	2.2054E+01	-1.6998E+01	5.3478E+00
-1.7159E+01	2.5036E+01	-1.6998E+01	8.9974E+00
-1.7151E+01	2.8119E+01	-1.6998E+01	1.2818E+01
-1.7143E+01	3.1302E+01	-1.6998E+01	1.6808E+01
-1.7134E+01	3.4583E+01	-1.6998E+01	2.0963E+01
-1.7124E+01	3.7962E+01	-1.6998E+01	2.5279E+01
-1.7114E+01	4.1435E+01	-1.6997E+01	2.9752E+01
-1.7103E+01	4.5002E+01	-1.6996E+01	3.4376E+01
-1.7091E+01	4.8660E+01	-1.6995E+01	3.9144E+01
-1.7078E+01	5.2407E+01	-1.6994E+01	4.4051E+01
-1.7064E+01	5.6241E+01	-1.6992E+01	4.9086E+01
-1.7049E+01	6.0160E+01	-1.6990E+01	5.4242E+01
-1.7034E+01	6.4161E+01	-1.6987E+01	5.9509E+01
-1.7017E+01	6.8242E+01	-1.6984E+01	6.4876E+01
-1.7000E+01	7.2399E+01	-1.6979E+01	7.0332E+01
-1.6981E+01	7.6632E+01	-1.6974E+01	7.5864E+01
-1.6962E+01	8.0935E+01	-1.6967E+01	8.1461E+01
-1.6942E+01	8.5308E+01	-1.6960E+01	8.7108E+01
-1.6920E+01	8.9746E+01	-1.6951E+01	9.2792E+01
-1.6898E+01	9.4246E+01	-1.6940E+01	9.8500E+01
-1.6874E+01	9.8806E+01	-1.6928E+01	1.0422E+02
-1.6850E+01	1.0342E+02	-1.6915E+01	1.0993E+02
-1.6824E+01	1.0809E+02	-1.6899E+01	1.1562E+02
-1.6797E+01	1.1280E+02	-1.6881E+01	1.2128E+02
-1.6768E+01	1.1756E+02	-1.6862E+01	1.2689E+02
-1.6739E+01	1.2236E+02	-1.6840E+01	1.3244E+02
-1.6708E+01	1.2719E+02	-1.6815E+01	1.3792E+02
-1.6676E+01	1.3205E+02	-1.6789E+01	1.4331E+02
-1.6642E+01	1.3693E+02	-1.6759E+01	1.4861E+02
-1.6607E+01	1.4183E+02	-1.6727E+01	1.5381E+02
-1.6571E+01	1.4674E+02	-1.6692E+01	1.5889E+02
-1.6532E+01	1.5165E+02	-1.6655E+01	1.6386E+02
-1.6493E+01	1.5655E+02	-1.6614E+01	1.6870E+02
-1.6451E+01	1.6143E+02	-1.6571E+01	1.7340E+02
-1.6407E+01	1.6627E+02	-1.6524E+01	1.7797E+02
-1.6361E+01	1.7106E+02	-1.6475E+01	1.8240E+02
-1.6313E+01	1.7577E+02	-1.6422E+01	1.8669E+02
-1.6262E+01	1.8037E+02	-1.6367E+01	1.9084E+02
-1.6209E+01	1.8483E+02	-1.6309E+01	1.9485E+02
-1.6152E+01	1.8916E+02	-1.6247E+01	1.9871E+02
-1.6092E+01	1.9335E+02	-1.6183E+01	2.0243E+02
-1.6030E+01	1.9740E+02	-1.6116E+01	2.0602E+02
-1.5964E+01	2.0131E+02	-1.6046E+01	2.0947E+02
-1.5896E+01	2.0509E+02	-1.5973E+01	2.1278E+02
-1.5825E+01	2.0873E+02	-1.5897E+01	2.1597E+02
-1.5751E+01	2.1223E+02	-1.5819E+01	2.1904E+02
-1.5674E+01	2.1561E+02	-1.5738E+01	2.2198E+02
-1.5594E+01	2.1885E+02	-1.5654E+01	2.2481E+02
-1.5512E+01	2.2198E+02	-1.5567E+01	2.2752E+02
-1.5427E+01	2.2498E+02	-1.5478E+01	2.3013E+02
-1.5339E+01	2.2786E+02	-1.5387E+01	2.3264E+02
-1.5249E+01	2.3063E+02	-1.5293E+01	2.3505E+02
-1.5156E+01	2.3329E+02	-1.5197E+01	2.3736E+02
-1.5061E+01	2.3585E+02	-1.5098E+01	2.3959E+02
-1.4963E+01	2.3830E+02	-1.4998E+01	2.4173E+02
-1.4863E+01	2.4066E+02	-1.4895E+01	2.4379E+02
-1.4761E+01	2.4293E+02	-1.4790E+01	2.4578E+02
-1.4657E+01	2.4512E+02	-1.4682E+01	2.4769E+02
-1.4550E+01	2.4722E+02	-1.4573E+01	2.4954E+02
-1.4441E+01	2.4924E+02	-1.4462E+01	2.5132E+02
-1.4330E+01	2.5118E+02	-1.4349E+01	2.5303E+02
-1.4217E+01	2.5306E+02	-1.4233E+01	2.5469E+02
-1.4102E+01	2.5487E+02	-1.4116E+01	2.5630E+02
-1.3985E+01	2.5661E+02	-1.3997E+01	2.5785E+02
-1.3866E+01	2.5830E+02	-1.3877E+01	2.5935E+02
-1.3745E+01	2.5992E+02	-1.3754E+01	2.6080E+02
-1.3623E+01	2.6150E+02	-1.3630E+01	2.6221E+02
-1.3499E+01	2.6301E+02	-1.3504E+01	2.6358E+02
-1.3373E+01	2.6448E+02	-1.3377E+01	2.6490E+02
-1.3245E+01	2.6591E+02	-1.3247E+01	2.6618E+02
-1.3115E+01	2.6729E+02	-1.3117E+01	2.6742E+02
-1.2984E+01	2.6862E+02	-1.2984E+01	2.6863E+02
-1.2852E+01	2.6992E+02	-1.2850E+01	2.6980E+02
-1.2717E+01	2.7117E+02	-1.2715E+01	2.7094E+02
-1.2582E+01	2.7239E+02	-1.2578E+01	2.7204E+02
-1.2444E+01	2.7358E+02	-1.2440E+01	2.7312E+02
-1.2306E+01	2.7473E+02	-1.2300E+01	2.7416E+02
-1.2165E+01	2.7584E+02	-1.2159E+01	2.7517E+02
-1.2024E+01	2.7693E+02	-1.2016E+01	2.7615E+02
-1.1881E+01	2.7798E+02	-1.1872E+01	2.7710E+02
-1.1736E+01	2.7901E+02	-1.1726E+01	2.7802E+02
-1.1590E+01	2.8000E+02	-1.1579E+01	2.7892E+02
-1.1443E+01	2.8097E+02	-1.1431E+01	2.7978E+02
-1.1295E+01	2.8191E+02	-1.1282E+01	2.8062E+02
-1.1145E+01	2.8282E+02	-1.1131E+01	2.8143E+02
-1.0994E+01	2.8371E+02	-1.0979E+01	2.8222E+02
-1.0842E+01	2.8458E+02	-1.0826E+01	2.8298E+02
-1.0688E+01	2.8541E+02	-1.0671E+01	2.8371E+02
-1.0534E+01	2.8623E+02	-1.0515E+01	2.8441E+02
-1.0378E+01	2.8702E+02	-1.0358E+01	2.8509E+02
-1.0221E+01	2.8778E+02	-1.0200E+01	2.8574E+02
-1.0062E+01	2.8853E+02	-1.0041E+01	2.8636E+02
-9.9032E+00	2.8925E+02	-9.8802E+00	2.8695E+02
-9.7427E+00	2.8994E+02	-9.7185E+00	2.8752E+02
-9.5812E+00	2.9062E+02	-9.5555E+00	2.8805E+02
-9.4186E+00	2.9127E+02	-9.3915E+00	2.8856E+02
-9.2549E+00	2.9190E+02	-9.2263E+00	2.8904E+02
-9.0901E+00	2.9250E+02	-9.0599E+00	2.8948E+02
-8.9244E+00	2.9309E+02	-8.8925E+00	2.8990E+02
-8.7576E+00	2.9365E+02	-8.7239E+00	2.9028E+02
-8.5898E+00	2.9418E+02	-8.5542E+00	2.9062E+02
-8.4210E+00	2.9470E+02	-8.3833E+00	2.9093E+02
-8.2513E+00	2.9519E+02	-8.2114E+00	2.9120E+02
-8.0806E+00	2.9566E+02	-8.0384E+00	2.9144E+02
-7.9089E+00	2.9610E+02	-7.8642E+00	2.9163E+02
-7.7364E+00	2.9652E+02	-7.6889E+00	2.9177E+02
-7.5629E+00	2.9692E+02	-7.5125E+00	2.9187E+02
-7.3885E+00	2.9729E+02	-7.3349E+00	2.9192E+02
-7.2132E+00	2.9763E+02	-7.1561E+00	2.9192E+02
-7.0370E+00	2.9795E+02	-6.9761E+00	2.9186E+02
-6.8600E+00	2.9824E+02	-6.7949E+00	2.9173E+02
-6.6821E+00	2.9850E+02	-6.6125E+00	2.9154E+02
-6.5034E+00	2.9874E+02	-6.4287E+00	2.9127E+02
-6.3238E+00	2.9895E+02	-6.2435E+00	2.9091E+02
-6.1434E+00	2.9912E+02	-6.0568E+00	2.9046E+02
-5.9621E+00	2.9926E+02	-5.8685E+00	2.8991E+02
-5.7800E+00	2.9937E+02	-5.6786E+00	2.8923E+02
-5.5971E+00	2.9945E+02	-5.4867E+00	2.8841E+02
-5.4134E+00	2.9949E+02	-5.2928E+00	2.8743E+02
-5.2288E+00	2.9949E+02	-5.0966E+00	2.8627E+02
-5.0434E+00	2.9945E+02	-4.8978E+00	2.8488E+02
-4.8572E+00	2.9936E+02	-4.6958E+00	2.8322E+02
-4.6701E+00	2.9923E+02	-4.4902E+00	2.8124E+02
-4.4821E+00	2.9904E+02	-4.2803E+00	2.7886E+02
-4.2933E+00	2.9881E+02	-4.0649E+00	2.7597E+02
-4.1035E+00	2.9851E+02	-3.8428E+00	2.7244E+02
-3.9127E+00	2.9814E+02	-3.6122E+00	2.6810E+02
-3.7209E+00	2.9771E+02	-3.3706E+00	2.6268E+02
-3.5280E+00	2.9719E+02	-3.1147E+00	2.5586E+02
-3.3340E+00	2.9658E+02	-2.8406E+00	2.4724E+02
-3.1387E+00	2.9586E+02	-2.5440E+00	2.3639E+02
-2.9419E+00	2.9503E+02	-2.2221E+00	2.2304E+02
-2.7436E+00	2.9406E+02	-1.8758E+00	2.0728E+02
-2.5435E+00	2.9292E+02	-1.5119E+00	1.8976E+02
-2.3412E+00	2.9159E+02	-1.1420E+00	1.7167E+02
-2.1365E+00	2.9003E+02	-7.7876E-01	1.5425E+02
-1.9287E+00	2.8817E+02	-4.3186E-01	1.3848E+02
-1.7171E+00	2.8594E+02	-1.0610E-01	1.2484E+02
-1.5005E+00	2.8322E+02	1.9784E-01	1.1339E+02
-1.2772E+00	2.7984E+02	4.8180E-01	1.0394E+02
-1.0445E+00	2.7552E+02	7.4870E-01	9.6198E+01
-7.9769E-01	2.6979E+02	1.0016E+00	8.9861E+01
-5.2778E-01	2.6175E+02	1.2433E+00	8.4648E+01
-2.1622E-01	2.4955E+02	1.4761E+00	8.0323E+01
1.7747E-01	2.2913E+02	1.7018E+00	7.6700E+01
7.0953E-01	1.9487E+02	1.9220E+00	7.3631E+01
1.3363E+00	1.5114E+02	2.1376E+00	7.1004E+01
1.8943E+00	1.1426E+02	2.3497E+00	6.8731E+01
2.3057E+00	9.2046E+01	2.5587E+00	6.6746E+01
2.6153E+00	7.9994E+01	2.7653E+00	6.4997E+01
2.8724E+00	7.3178E+01	2.9697E+00	6.3443E+01
3.1032E+00	6.8978E+01	3.1724E+00	6.2052E+01
3.3203E+00	6.6125E+01	3.3735E+00	6.0800E+01
3.5299E+00	6.4000E+01	3.5732E+00	5.9667E+01
3.7351E+00	6.2297E+01	3.7717E+00	5.8634E+01
3.9374E+00	6.0862E+01	3.9691E+00	5.7690E+01
4.1375E+00	5.9613E+01	4.1654E+00	5.6822E+01
4.3360E+00	5.8503E+01	4.3608E+00	5.6022E+01
4.5330E+00	5.7505E+01	4.5553E+00	5.5281E+01
4.7289E+00	5.6599E+01	4.7489E+00	5.4592E+01
4.9236E+00	5.5770E+01	4.9418E+00	5.3950E+01
5.1173E+00	5.5009E+01	5.1338E+00	5.3350E+01
5.3100E+00	5.4305E+01	5.3251E+00	5.2788E+01
5.5018E+00	5.3652E+01	5.5157E+00	5.2259E+01
5.6928E+00	5.3045E+01	5.7056E+00	5.1761E+01
5.8829E+00	5.2477E+01	5.8947E+00	5.1290E+01
6.0722E+00	5.1944E+01	6.0832E+00	5.0845E+01
6.2607E+00	5.1444E+01	6.2710E+00	5.0422E+01
6.4485E+00	5.0972E+01	6.4580E+00	5.0020E+01
6.6355E+00	5.0526E+01	6.6444E+00	4.9637E+01
6.8217E+00	5.0103E+01	6.8300E+00	4.9272E+01
7.0072E+00	4.9702E+01	7.0149E+00	4.8923E+01
7.1919E+00	4.9320E+01	7.1992E+00	4.8588E+01
7.3758E+00	4.8956E+01	7.3827E+00	4.8268E+01
7.5590E+00	4.8607E+01	7.5655E+00	4.7959E+01
7.7414E+00	4.8274E+01	7.7475E+00	4.7663E+01
7.9230E+00	4.7954E+01	7.9288E+00	4.7377E+01
8.1039E+00	4.7647E+01	8.1093E+00	4.7101E+01
8.2839E+00	4.7351E+01	8.2891E+00	4.6834E+01
8.4631E+00	4.7066E+01	8.4680E+00	4.6576E+01
8.6416E+00	4.6791E+01	8.6462E+00	4.6325E+01
8.8192E+00	4.6524E+01	8.8236E+00	4.6082E+01
8.9959E+00	4.6267E+01	9.0001E+00	4.5847E+01
9.1719E+00	4.6017E+01	9.1759E+00	4.5617E+01
9.3469E+00	4.5774E+01	9.3507E+00	4.5394E+01
9.5211E+00	4.5539E+01	9.5247E+00	4.5176E+01
9.6944E+00	4.5309E+01	9.6978E+00	4.4963E+01
9.8668E+00	4.5086E+01	9.8701E+00	4.4755E+01
1.0038E+01	4.4867E+01	1.0041E+01	4.4552E+01
1.0209E+01	4.4654E+01	1.0212E+01	4.4353E+01
1.0378E+01	4.4446E+01	1.0381E+01	4.4158E+01
1.0547E+01	4.4242E+01	1.0550E+01	4.3967E+01
1.0715E+01	4.4043E+01	1.0717E+01	4.3779E+01
1.0881E+01	4.3847E+01	1.0884E+01	4.3595E+01
1.1047E+01	4.3655E+01	1.1049E+01	4.3413E+01
1.1212E+01	4.3466E+01	1.1214E+01	4.3235E+01
1.1375E+01	4.3280E+01	1.1377E+01	4.3059E+01
1.1538E+01	4.3097E+01	1.1540E+01	4.2885E+01
1.1699E+01	4.2917E+01	1.1701E+01	4.2714E+01
1.1860E+01	4.2740E+01	1.1862E+01	4.2545E+01
1.2019E+01	4.2565E+01	1.2021E+01	4.2378E+01
1.2177E+01	4.2392E+01	1.2179E+01	4.2213E+01
1.2334E+01	4.2221E+01	1.2336E+01	4.2050E+01
1.2490E+01	4.2052E+01	1.2492E+01	4.1888E+01
1.2645E+01	4.1885E+01	1.2647E+01	4.1728E+01
1.2799E+01	4.1720E+01	1.2800E+01	4.1569E+01
1.2951E+01	4.1556E+01	1.2952E+01	4.1412E+01
1.3102E+01	4.1393E+01	1.3104E+01	4.1256E+01
1.3252E+01	4.1232E+01	1.3253E+01	4.1101E+01
1.3401E+01	4.1072E+01	1.3402E+01	4.0947E+01
1.3548E+01	4.0914E+01	1.3550E+01	4.0794E+01
1.3695E+01	4.0756E+01	1.3696E+01	4.0641E+01
1.3840E+01	4.0599E+01	1.3841E+01	4.0490E+01
1.3983E+01	4.0443E+01	1.3984E+01	4.0339E+01
1.4126E+01	4.0288E+01	1.4126E+01	4.0189E+01
1.4267E+01	4.0134E+01	1.4267E+01	4.0040E+01
1.4406E+01	3.9980E+01	1.4407E+01	3.9891E+01
1.4545E+01	3.9827E+01	1.4545E+01	3.9743E+01
1.4681E+01	3.9675E+01	1.4682E+01	3.9595E+01
1.4817E+01	3.9523E+01	1.4818E+01	3.9448E+01
1.4951E+01	3.9371E+01	1.4952E+01	3.9301E+01
1.5084E+01	3.9220E+01	1.5085E+01	3.9154E+01
1.5215E+01	3.9069E+01	1.5216E+01	3.9007E+01
1.5345E+01	3.8918E+01	1.5346E+01	3.8861E+01
1.5474E+01	3.8768E+01	1.5474E+01	3.8715E+01
1.5601E+01	3.8618E+01	1.5601E+01	3.8569E+01
1.5726E+01	3.8468E+01	1.5727E+01	3.8423E+01
1.5850E+01	3.8318E+01	1.5850E+01	3.8277E+01
1.5973E+01	3.8168E+01	1.5973E+01	3.8131E+01
1.6093E+01	3.8018E+01	1.6094E+01	3.7986E+01
1.6213E+01	3.7869E+01	1.6213E+01	3.7840E+01
1.6331E+01	3.7719E+01	1.6331E+01	3.7695E+01
1.6447E+01	3.7569E+01	1.6447E+01	3.7549E+01
1.6562E+01	3.7419E+01	1.6562E+01	3.7403E+01
1.6675E+01	3.7270E+01	1.6675E+01	3.7258E+01
1.6786E+01	3.7120E+01	1.6787E+01	3.7112E+01
1.6896E+01	3.6970E+01	1.6896E+01	3.6966E+01
1.7005E+01	3.6820E+01	1.7005E+01	3.6820E+01
1.7111E+01	3.6670E+01	1.7111E+01	3.6675E+01
1.7216E+01	3.6519E+01	1.7216E+01	3.6529E+01
1.7320E+01	3.6369E+01	1.7320E+01	3.6383E+01
1.7421E+01	3.6219E+01	1.7421E+01	3.6237E+01
1.7521E+01	3.6068E+01	1.7521E+01	3.6091E+01
1.7620E+01	3.5917E+01	1.7619E+01	3.5945E+01
1.7716E+01	3.5767E+01	1.7716E+01	3.5799E+01
1.7811E+01	3.5616E+01	1.7811E+01	3.5653E+01
1.7904E+01	3.5465E+01	1.7904E+01	3.5507E+01
