2.00000E+01	0.00000E+00	0.00000E+00	0.00000E+00	0.00000E+00	0.00000E+00
1.99975E+01	-4.15584E+01	-4.12516E+01	-4.09987E+01	-4.06918E+01	-6.05461E+01
1.99901E+01	-7.72493E+01	-7.68903E+01	-7.61842E+01	-7.58252E+01	-9.94572E+01
1.99778E+01	-9.73792E+01	-9.70622E+01	-9.60202E+01	-9.57032E+01	-1.16976E+02
1.99605E+01	-1.13869E+02	-1.13588E+02	-1.12269E+02	-1.11988E+02	-1.31226E+02
1.99383E+01	-1.27870E+02	-1.27618E+02	-1.26063E+02	-1.25811E+02	-1.43457E+02
1.99112E+01	-1.40097E+02	-1.39866E+02	-1.38109E+02	-1.37879E+02	-1.54282E+02
1.98792E+01	-1.51003E+02	-1.50790E+02	-1.48853E+02	-1.48640E+02	-1.64059E+02
1.98423E+01	-1.60888E+02	-1.60690E+02	-1.58589E+02	-1.58392E+02	-1.73017E+02
1.98005E+01	-1.69958E+02	-1.69773E+02	-1.67523E+02	-1.67337E+02	-1.81313E+02
1.97538E+01	-1.78362E+02	-1.78187E+02	-1.75797E+02	-1.75622E+02	-1.89059E+02
1.97022E+01	-1.86207E+02	-1.86041E+02	-1.83521E+02	-1.83355E+02	-1.96338E+02
1.96457E+01	-1.93577E+02	-1.93418E+02	-1.90775E+02	-1.90616E+02	-2.03214E+02
1.95845E+01	-2.00536E+02	-2.00384E+02	-1.97623E+02	-1.97471E+02	-2.09739E+02
1.95183E+01	-2.07136E+02	-2.06990E+02	-2.04115E+02	-2.03969E+02	-2.15953E+02
1.94474E+01	-2.13417E+02	-2.13276E+02	-2.10292E+02	-2.10151E+02	-2.21890E+02
1.93717E+01	-2.19413E+02	-2.19277E+02	-2.16187E+02	-2.16050E+02	-2.27576E+02
1.92911E+01	-2.25153E+02	-2.25021E+02	-2.21828E+02	-2.21695E+02	-2.33035E+02
1.92059E+01	-2.30660E+02	-2.30532E+02	-2.27238E+02	-2.27109E+02	-2.38287E+02
1.91159E+01	-2.35955E+02	-2.35830E+02	-2.32436E+02	-2.32311E+02	-2.43347E+02
1.90211E+01	-2.41054E+02	-2.40932E+02	-2.37441E+02	-2.37319E+02	-2.48231E+02
1.89217E+01	-2.45973E+02	-2.45853E+02	-2.42266E+02	-2.42146E+02	-2.52951E+02
1.88176E+01	-2.50724E+02	-2.50607E+02	-2.46924E+02	-2.46807E+02	-2.57519E+02
1.87089E+01	-2.55318E+02	-2.55204E+02	-2.51426E+02	-2.51311E+02	-2.61943E+02
1.85955E+01	-2.59767E+02	-2.59654E+02	-2.55782E+02	-2.55669E+02	-2.66233E+02
1.84776E+01	-2.64078E+02	-2.63967E+02	-2.60000E+02	-2.59890E+02	-2.70395E+02
1.83551E+01	-2.68259E+02	-2.68150E+02	-2.64089E+02	-2.63980E+02	-2.74438E+02
1.82281E+01	-2.72318E+02	-2.72211E+02	-2.68055E+02	-2.67948E+02	-2.78367E+02
1.80965E+01	-2.76261E+02	-2.76155E+02	-2.71904E+02	-2.71798E+02	-2.82187E+02
1.79606E+01	-2.80093E+02	-2.79989E+02	-2.75642E+02	-2.75538E+02	-2.85904E+02
1.78201E+01	-2.83820E+02	-2.83717E+02	-2.79274E+02	-2.79171E+02	-2.89522E+02
1.76753E+01	-2.87447E+02	-2.87344E+02	-2.82805E+02	-2.82702E+02	-2.93046E+02
1.75261E+01	-2.90977E+02	-2.90875E+02	-2.86237E+02	-2.86136E+02	-2.96479E+02
1.73726E+01	-2.94414E+02	-2.94313E+02	-2.89576E+02	-2.89476E+02	-2.99824E+02
1.72148E+01	-2.97763E+02	-2.97663E+02	-2.92825E+02	-2.92725E+02	-3.03085E+02
1.70528E+01	-3.01026E+02	-3.00927E+02	-2.95987E+02	-2.95887E+02	-3.06265E+02
1.68866E+01	-3.04207E+02	-3.04108E+02	-2.99064E+02	-2.98965E+02	-3.09367E+02
1.67161E+01	-3.07308E+02	-3.07209E+02	-3.02059E+02	-3.01960E+02	-3.12392E+02
1.65416E+01	-3.10331E+02	-3.10233E+02	-3.04975E+02	-3.04877E+02	-3.15343E+02
1.63630E+01	-3.13280E+02	-3.13182E+02	-3.07814E+02	-3.07716E+02	-3.18223E+02
1.61803E+01	-3.16156E+02	-3.16058E+02	-3.10577E+02	-3.10479E+02	-3.21034E+02
1.59937E+01	-3.18962E+02	-3.18864E+02	-3.13267E+02	-3.13170E+02	-3.23777E+02
1.58031E+01	-3.21699E+02	-3.21601E+02	-3.15886E+02	-3.15789E+02	-3.26454E+02
1.56086E+01	-3.24369E+02	-3.24271E+02	-3.18435E+02	-3.18337E+02	-3.29066E+02
1.54103E+01	-3.26973E+02	-3.26876E+02	-3.20915E+02	-3.20817E+02	-3.31616E+02
1.52081E+01	-3.29514E+02	-3.29416E+02	-3.23328E+02	-3.23230E+02	-3.34104E+02
1.50022E+01	-3.31993E+02	-3.31895E+02	-3.25675E+02	-3.25576E+02	-3.36532E+02
1.47926E+01	-3.34411E+02	-3.34313E+02	-3.27956E+02	-3.27858E+02	-3.38901E+02
1.45794E+01	-3.36769E+02	-3.36670E+02	-3.30174E+02	-3.30075E+02	-3.41212E+02
1.43625E+01	-3.39069E+02	-3.38970E+02	-3.32329E+02	-3.32230E+02	-3.43467E+02
1.41421E+01	-3.41312E+02	-3.41212E+02	-3.34422E+02	-3.34322E+02	-3.45667E+02
1.39183E+01	-3.43499E+02	-3.43398E+02	-3.36453E+02	-3.36352E+02	-3.47811E+02
1.36909E+01	-3.45630E+02	-3.45528E+02	-3.38423E+02	-3.38321E+02	-3.49903E+02
1.34603E+01	-3.47707E+02	-3.47604E+02	-3.40332E+02	-3.40230E+02	-3.51941E+02
1.32262E+01	-3.49730E+02	-3.49627E+02	-3.42182E+02	-3.42079E+02	-3.53927E+02
1.29890E+01	-3.51701E+02	-3.51597E+02	-3.43972E+02	-3.43868E+02	-3.55862E+02
1.27485E+01	-3.53621E+02	-3.53515E+02	-3.45703E+02	-3.45598E+02	-3.57747E+02
1.25049E+01	-3.55489E+02	-3.55382E+02	-3.47375E+02	-3.47269E+02	-3.59581E+02
1.22581E+01	-3.57307E+02	-3.57199E+02	-3.48988E+02	-3.48880E+02	-3.61367E+02
1.20084E+01	-3.59075E+02	-3.58966E+02	-3.50542E+02	-3.50433E+02	-3.63104E+02
1.17557E+01	-3.60794E+02	-3.60683E+02	-3.52037E+02	-3.51926E+02	-3.64793E+02
1.15001E+01	-3.62465E+02	-3.62353E+02	-3.53473E+02	-3.53360E+02	-3.66435E+02
1.12417E+01	-3.64088E+02	-3.63974E+02	-3.54849E+02	-3.54734E+02	-3.68030E+02
1.09805E+01	-3.65664E+02	-3.65548E+02	-3.56165E+02	-3.56049E+02	-3.69578E+02
1.07165E+01	-3.67193E+02	-3.67075E+02	-3.57421E+02	-3.57302E+02	-3.71080E+02
1.04500E+01	-3.68676E+02	-3.68555E+02	-3.58615E+02	-3.58494E+02	-3.72537E+02
1.01808E+01	-3.70113E+02	-3.69989E+02	-3.59747E+02	-3.59624E+02	-3.73949E+02
9.90917E+00	-3.71504E+02	-3.71378E+02	-3.60817E+02	-3.60690E+02	-3.75317E+02
9.63507E+00	-3.72851E+02	-3.72722E+02	-3.61821E+02	-3.61692E+02	-3.76640E+02
9.35860E+00	-3.74153E+02	-3.74021E+02	-3.62760E+02	-3.62628E+02	-3.77919E+02
9.07981E+00	-3.75411E+02	-3.75276E+02	-3.63632E+02	-3.63496E+02	-3.79154E+02
8.79878E+00	-3.76625E+02	-3.76486E+02	-3.64433E+02	-3.64294E+02	-3.80346E+02
8.51559E+00	-3.77796E+02	-3.77653E+02	-3.65163E+02	-3.65020E+02	-3.81496E+02
8.23029E+00	-3.78923E+02	-3.78776E+02	-3.65818E+02	-3.65671E+02	-3.82602E+02
7.94296E+00	-3.80008E+02	-3.79856E+02	-3.66395E+02	-3.66243E+02	-3.83667E+02
7.65367E+00	-3.81050E+02	-3.80894E+02	-3.66890E+02	-3.66733E+02	-3.84689E+02
7.36249E+00	-3.82051E+02	-3.81888E+02	-3.67298E+02	-3.67135E+02	-3.85669E+02
7.06950E+00	-3.83009E+02	-3.82841E+02	-3.67614E+02	-3.67446E+02	-3.86608E+02
6.77476E+00	-3.83926E+02	-3.83751E+02	-3.67832E+02	-3.67657E+02	-3.87505E+02
6.47835E+00	-3.84802E+02	-3.84619E+02	-3.67945E+02	-3.67762E+02	-3.88361E+02
6.18034E+00	-3.85636E+02	-3.85446E+02	-3.67942E+02	-3.67752E+02	-3.89176E+02
5.88081E+00	-3.86431E+02	-3.86231E+02	-3.67814E+02	-3.67614E+02	-3.89950E+02
5.57982E+00	-3.87184E+02	-3.86975E+02	-3.67546E+02	-3.67337E+02	-3.90684E+02
5.27746E+00	-3.87898E+02	-3.87678E+02	-3.67122E+02	-3.66902E+02	-3.91377E+02
4.97380E+00	-3.88573E+02	-3.88340E+02	-3.66523E+02	-3.66290E+02	-3.92029E+02
4.66891E+00	-3.89208E+02	-3.88961E+02	-3.65722E+02	-3.65474E+02	-3.92641E+02
4.36286E+00	-3.89804E+02	-3.89541E+02	-3.64687E+02	-3.64423E+02	-3.93214E+02
4.05575E+00	-3.90363E+02	-3.90081E+02	-3.63376E+02	-3.63094E+02	-3.93746E+02
3.74763E+00	-3.90884E+02	-3.90580E+02	-3.61737E+02	-3.61433E+02	-3.94238E+02
3.43858E+00	-3.91368E+02	-3.91039E+02	-3.59697E+02	-3.59368E+02	-3.94691E+02
3.12869E+00	-3.91817E+02	-3.91458E+02	-3.57160E+02	-3.56800E+02	-3.95104E+02
2.81802E+00	-3.92231E+02	-3.91836E+02	-3.53993E+02	-3.53598E+02	-3.95477E+02
2.50666E+00	-3.92614E+02	-3.92175E+02	-3.50011E+02	-3.49572E+02	-3.95811E+02
2.19469E+00	-3.92968E+02	-3.92473E+02	-3.44946E+02	-3.44452E+02	-3.96106E+02
1.88217E+00	-3.93296E+02	-3.92732E+02	-3.38406E+02	-3.37841E+02	-3.96361E+02
1.56918E+00	-3.93605E+02	-3.92950E+02	-3.29800E+02	-3.29145E+02	-3.96577E+02
1.25581E+00	-3.93905E+02	-3.93129E+02	-3.18246E+02	-3.17470E+02	-3.96753E+02
9.42129E-01	-3.94208E+02	-3.93268E+02	-3.02461E+02	-3.01521E+02	-3.96890E+02
6.28215E-01	-3.94532E+02	-3.93368E+02	-2.80842E+02	-2.79678E+02	-3.96988E+02
3.14146E-01	-3.94887E+02	-3.93427E+02	-2.52297E+02	-2.50838E+02	-3.97047E+02
-2.09717E-14	-3.95257E+02	-3.93447E+02	-2.18387E+02	-2.16577E+02	-3.97067E+02
-3.14146E-01	-3.95588E+02	-3.93427E+02	-1.84455E+02	-1.82294E+02	-3.97047E+02
-6.28215E-01	-3.95825E+02	-3.93368E+02	-1.55845E+02	-1.53388E+02	-3.96988E+02
-9.42129E-01	-3.95951E+02	-3.93268E+02	-1.34119E+02	-1.31437E+02	-3.96890E+02
-1.25581E+00	-3.95977E+02	-3.93129E+02	-1.18183E+02	-1.15335E+02	-3.96753E+02
-1.56918E+00	-3.95922E+02	-3.92950E+02	-1.06434E+02	-1.03463E+02	-3.96577E+02
-1.88217E+00	-3.95797E+02	-3.92732E+02	-9.75914E+01	-9.45264E+01	-3.96361E+02
-2.19469E+00	-3.95611E+02	-3.92473E+02	-9.07699E+01	-8.76316E+01	-3.96106E+02
-2.50666E+00	-3.95372E+02	-3.92175E+02	-8.53813E+01	-8.21840E+01	-3.95811E+02
-2.81802E+00	-3.95082E+02	-3.91836E+02	-8.10321E+01	-7.77860E+01	-3.95477E+02
-3.12869E+00	-3.94745E+02	-3.91458E+02	-7.74549E+01	-7.41675E+01	-3.95104E+02
-3.43858E+00	-3.94362E+02	-3.91039E+02	-7.44636E+01	-7.11404E+01	-3.94691E+02
-3.74763E+00	-3.93935E+02	-3.90580E+02	-7.19255E+01	-6.85707E+01	-3.94238E+02
-4.05575E+00	-3.93464E+02	-3.90081E+02	-6.97443E+01	-6.63610E+01	-3.93746E+02
-4.36286E+00	-3.92950E+02	-3.89541E+02	-6.78485E+01	-6.44391E+01	-3.93214E+02
-4.66891E+00	-3.92394E+02	-3.88961E+02	-6.61840E+01	-6.27504E+01	-3.92641E+02
-4.97380E+00	-3.91796E+02	-3.88340E+02	-6.47092E+01	-6.12528E+01	-3.92029E+02
-5.27746E+00	-3.91156E+02	-3.87678E+02	-6.33917E+01	-5.99135E+01	-3.91377E+02
-5.57982E+00	-3.90474E+02	-3.86975E+02	-6.22059E+01	-5.87068E+01	-3.90684E+02
-5.88081E+00	-3.89751E+02	-3.86231E+02	-6.11313E+01	-5.76118E+01	-3.89950E+02
-6.18034E+00	-3.88986E+02	-3.85446E+02	-6.01513E+01	-5.66117E+01	-3.89176E+02
-6.47835E+00	-3.88179E+02	-3.84619E+02	-5.92523E+01	-5.56929E+01	-3.88361E+02
-6.77476E+00	-3.87330E+02	-3.83751E+02	-5.84231E+01	-5.48440E+01	-3.87505E+02
-7.06950E+00	-3.86439E+02	-3.82841E+02	-5.76543E+01	-5.40556E+01	-3.86608E+02
-7.36249E+00	-3.85507E+02	-3.81888E+02	-5.69383E+01	-5.33198E+01	-3.85669E+02
-7.65367E+00	-3.84532E+02	-3.80894E+02	-5.62683E+01	-5.26298E+01	-3.84689E+02
-7.94296E+00	-3.83515E+02	-3.79856E+02	-5.56387E+01	-5.19801E+01	-3.83667E+02
-8.23029E+00	-3.82455E+02	-3.78776E+02	-5.50448E+01	-5.13656E+01	-3.82602E+02
-8.51559E+00	-3.81353E+02	-3.77653E+02	-5.44823E+01	-5.07822E+01	-3.81496E+02
-8.79878E+00	-3.80207E+02	-3.76486E+02	-5.39478E+01	-5.02263E+01	-3.80346E+02
-9.07981E+00	-3.79019E+02	-3.75276E+02	-5.34380E+01	-4.96947E+01	-3.79154E+02
-9.35860E+00	-3.77787E+02	-3.74021E+02	-5.29503E+01	-4.91847E+01	-3.77919E+02
-9.63507E+00	-3.76511E+02	-3.72722E+02	-5.24822E+01	-4.86936E+01	-3.76640E+02
-9.90917E+00	-3.75191E+02	-3.71378E+02	-5.20317E+01	-4.82195E+01	-3.75317E+02
-1.01808E+01	-3.73826E+02	-3.69989E+02	-5.15969E+01	-4.77605E+01	-3.73949E+02
-1.04500E+01	-3.72416E+02	-3.68555E+02	-5.11760E+01	-4.73147E+01	-3.72537E+02
-1.07165E+01	-3.70962E+02	-3.67075E+02	-5.07678E+01	-4.68806E+01	-3.71080E+02
-1.09805E+01	-3.69461E+02	-3.65548E+02	-5.03707E+01	-4.64570E+01	-3.69578E+02
-1.12417E+01	-3.67915E+02	-3.63974E+02	-4.99836E+01	-4.60425E+01	-3.68030E+02
-1.15001E+01	-3.66322E+02	-3.62353E+02	-4.96055E+01	-4.56361E+01	-3.66435E+02
-1.17557E+01	-3.64682E+02	-3.60683E+02	-4.92353E+01	-4.52367E+01	-3.64793E+02
-1.20084E+01	-3.62995E+02	-3.58966E+02	-4.88722E+01	-4.48434E+01	-3.63104E+02
-1.22581E+01	-3.61259E+02	-3.57199E+02	-4.85154E+01	-4.44554E+01	-3.61367E+02
-1.25049E+01	-3.59475E+02	-3.55382E+02	-4.81642E+01	-4.40718E+01	-3.59581E+02
-1.27485E+01	-3.57641E+02	-3.53515E+02	-4.78179E+01	-4.36919E+01	-3.57747E+02
-1.29890E+01	-3.55758E+02	-3.51597E+02	-4.74758E+01	-4.33152E+01	-3.55862E+02
-1.32262E+01	-3.53824E+02	-3.49627E+02	-4.71375E+01	-4.29409E+01	-3.53927E+02
-1.34603E+01	-3.51838E+02	-3.47604E+02	-4.68024E+01	-4.25685E+01	-3.51941E+02
-1.36909E+01	-3.49801E+02	-3.45528E+02	-4.64700E+01	-4.21974E+01	-3.49903E+02
-1.39183E+01	-3.47711E+02	-3.43398E+02	-4.61399E+01	-4.18271E+01	-3.47811E+02
-1.41421E+01	-3.45567E+02	-3.41212E+02	-4.58117E+01	-4.14571E+01	-3.45667E+02
-1.43625E+01	-3.43368E+02	-3.38970E+02	-4.54850E+01	-4.10871E+01	-3.43467E+02
-1.45794E+01	-3.41113E+02	-3.36670E+02	-4.51594E+01	-4.07164E+01	-3.41212E+02
-1.47926E+01	-3.38802E+02	-3.34313E+02	-4.48346E+01	-4.03448E+01	-3.38901E+02
-1.50022E+01	-3.36434E+02	-3.31895E+02	-4.45103E+01	-3.99718E+01	-3.36532E+02
-1.52081E+01	-3.34006E+02	-3.29416E+02	-4.41863E+01	-3.95969E+01	-3.34104E+02
-1.54103E+01	-3.31518E+02	-3.26876E+02	-4.38622E+01	-3.92199E+01	-3.31616E+02
-1.56086E+01	-3.28968E+02	-3.24271E+02	-4.35377E+01	-3.88403E+01	-3.29066E+02
-1.58031E+01	-3.26356E+02	-3.21601E+02	-4.32128E+01	-3.84578E+01	-3.26454E+02
-1.59937E+01	-3.23679E+02	-3.18864E+02	-4.28870E+01	-3.80720E+01	-3.23777E+02
-1.61803E+01	-3.20936E+02	-3.16058E+02	-4.25602E+01	-3.76824E+01	-3.21034E+02
-1.63630E+01	-3.18126E+02	-3.13182E+02	-4.22323E+01	-3.72889E+01	-3.18223E+02
-1.65416E+01	-3.15245E+02	-3.10233E+02	-4.19030E+01	-3.68908E+01	-3.15343E+02
-1.67161E+01	-3.12293E+02	-3.07209E+02	-4.15721E+01	-3.64880E+01	-3.12392E+02
-1.68866E+01	-3.09267E+02	-3.04108E+02	-4.12395E+01	-3.60799E+01	-3.09367E+02
-1.70528E+01	-3.06166E+02	-3.00927E+02	-4.09051E+01	-3.56662E+01	-3.06265E+02
-1.72148E+01	-3.02985E+02	-2.97663E+02	-4.05686E+01	-3.52465E+01	-3.03085E+02
-1.73726E+01	-2.99723E+02	-2.94313E+02	-4.02300E+01	-3.48203E+01	-2.99824E+02
-1.75261E+01	-2.96377E+02	-2.90875E+02	-3.98891E+01	-3.43871E+01	-2.96479E+02
-1.76753E+01	-2.92943E+02	-2.87344E+02	-3.95460E+01	-3.39466E+01	-2.93046E+02
-1.78201E+01	-2.89419E+02	-2.83717E+02	-3.92003E+01	-3.34982E+01	-2.89522E+02
-1.79606E+01	-2.85799E+02	-2.79989E+02	-3.88522E+01	-3.30413E+01	-2.85904E+02
-1.80965E+01	-2.82081E+02	-2.76155E+02	-3.85016E+01	-3.25754E+01	-2.82187E+02
-1.82281E+01	-2.78259E+02	-2.72211E+02	-3.81485E+01	-3.20998E+01	-2.78367E+02
-1.83551E+01	-2.74329E+02	-2.68150E+02	-3.77928E+01	-3.16140E+01	-2.74438E+02
-1.84776E+01	-2.70285E+02	-2.63967E+02	-3.74347E+01	-3.11171E+01	-2.70395E+02
-1.85955E+01	-2.66120E+02	-2.59654E+02	-3.70743E+01	-3.06084E+01	-2.66233E+02
-1.87089E+01	-2.61829E+02	-2.55204E+02	-3.67116E+01	-3.00869E+01	-2.61943E+02
-1.88176E+01	-2.57402E+02	-2.50607E+02	-3.63471E+01	-2.95519E+01	-2.57519E+02
-1.89217E+01	-2.52832E+02	-2.45853E+02	-3.59809E+01	-2.90020E+01	-2.52951E+02
-1.90211E+01	-2.48109E+02	-2.40932E+02	-3.56135E+01	-2.84363E+01	-2.48231E+02
-1.91159E+01	-2.43222E+02	-2.35830E+02	-3.52455E+01	-2.78532E+01	-2.43347E+02
-1.92059E+01	-2.38158E+02	-2.30532E+02	-3.48778E+01	-2.72514E+01	-2.38287E+02
-1.92911E+01	-2.32903E+02	-2.25021E+02	-3.45111E+01	-2.66289E+01	-2.33035E+02
-1.93717E+01	-2.27440E+02	-2.19277E+02	-3.41471E+01	-2.59839E+01	-2.27576E+02
-1.94474E+01	-2.21749E+02	-2.13276E+02	-3.37873E+01	-2.53139E+01	-2.21890E+02
-1.95183E+01	-2.15807E+02	-2.06990E+02	-3.34340E+01	-2.46162E+01	-2.15953E+02
-1.95845E+01	-2.09587E+02	-2.00384E+02	-3.30905E+01	-2.38874E+01	-2.09739E+02
-1.96457E+01	-2.03056E+02	-1.93418E+02	-3.27607E+01	-2.31236E+01	-2.03214E+02
-1.97022E+01	-1.96171E+02	-1.86041E+02	-3.24504E+01	-2.23199E+01	-1.96338E+02
-1.97538E+01	-1.88884E+02	-1.78187E+02	-3.21673E+01	-2.14703E+01	-1.89059E+02
-1.98005E+01	-1.81128E+02	-1.69773E+02	-3.19220E+01	-2.05670E+01	-1.81313E+02
-1.98423E+01	-1.72820E+02	-1.60690E+02	-3.17299E+01	-1.96000E+01	-1.73017E+02
-1.98792E+01	-1.63847E+02	-1.50790E+02	-3.16125E+01	-1.85559E+01	-1.64059E+02
-1.99112E+01	-1.54052E+02	-1.39866E+02	-3.16010E+01	-1.74158E+01	-1.54282E+02
-1.99383E+01	-1.43204E+02	-1.27618E+02	-3.17390E+01	-1.61525E+01	-1.43457E+02
-1.99605E+01	-1.30945E+02	-1.13588E+02	-3.20804E+01	-1.47234E+01	-1.31226E+02
-1.99778E+01	-1.16659E+02	-9.70622E+01	-3.26531E+01	-1.30566E+01	-1.16976E+02
-1.99901E+01	-9.90981E+01	-7.68903E+01	-3.32187E+01	-1.10108E+01	-9.94572E+01
-1.99975E+01	-6.02393E+01	-4.12516E+01	-2.56021E+01	-6.61439E+00	-6.05461E+01
-2.00000E+01	-3.13346E-10	-1.73582E-10	-1.73582E-10	-3.38189E-11	-3.15604E-10
-1.99975E+01	5.99863E+01	2.53492E+01	4.09987E+01	6.36148E+00	6.05461E+01
-1.99901E+01	9.83921E+01	3.25126E+01	7.61842E+01	1.03048E+01	9.94572E+01
-1.99778E+01	1.15617E+02	3.16111E+01	9.60202E+01	1.20146E+01	1.16976E+02
-1.99605E+01	1.29626E+02	3.07606E+01	1.12269E+02	1.34037E+01	1.31226E+02
-1.99383E+01	1.41650E+02	3.01848E+01	1.26063E+02	1.45983E+01	1.43457E+02
-1.99112E+01	1.52294E+02	2.98436E+01	1.38109E+02	1.56584E+01	1.54282E+02
-1.98792E+01	1.61909E+02	2.96748E+01	1.48853E+02	1.66182E+01	1.64059E+02
-1.98423E+01	1.70719E+02	2.96292E+01	1.58589E+02	1.74993E+01	1.73017E+02
-1.98005E+01	1.78878E+02	2.96717E+01	1.67523E+02	1.83167E+01	1.81313E+02
-1.97538E+01	1.86494E+02	2.97779E+01	1.75797E+02	1.90809E+01	1.89059E+02
-1.97022E+01	1.93651E+02	2.99305E+01	1.83521E+02	1.98000E+01	1.96338E+02
-1.96457E+01	2.00412E+02	3.01171E+01	1.90775E+02	2.04800E+01	2.03214E+02
-1.95845E+01	2.06826E+02	3.03289E+01	1.97623E+02	2.11258E+01	2.09739E+02
-1.95183E+01	2.12933E+02	3.05593E+01	2.04115E+02	2.17414E+01	2.15953E+02
-1.94474E+01	2.18765E+02	3.08032E+01	2.10292E+02	2.23299E+01	2.21890E+02
-1.93717E+01	2.24350E+02	3.10570E+01	2.16187E+02	2.28939E+01	2.27576E+02
-1.92911E+01	2.29710E+02	3.13178E+01	2.21828E+02	2.34356E+01	2.33035E+02
-1.92059E+01	2.34864E+02	3.15834E+01	2.27238E+02	2.39571E+01	2.38287E+02
-1.91159E+01	2.39829E+02	3.18521E+01	2.32436E+02	2.44598E+01	2.43347E+02
-1.90211E+01	2.44618E+02	3.21224E+01	2.37441E+02	2.49452E+01	2.48231E+02
-1.89217E+01	2.49245E+02	3.23933E+01	2.42266E+02	2.54144E+01	2.52951E+02
-1.88176E+01	2.53719E+02	3.26639E+01	2.46924E+02	2.58687E+01	2.57519E+02
-1.87089E+01	2.58050E+02	3.29336E+01	2.51426E+02	2.63089E+01	2.61943E+02
-1.85955E+01	2.62248E+02	3.32017E+01	2.55782E+02	2.67358E+01	2.66233E+02
-1.84776E+01	2.66318E+02	3.34678E+01	2.60000E+02	2.71502E+01	2.70395E+02
-1.83551E+01	2.70268E+02	3.37316E+01	2.64089E+02	2.75527E+01	2.74438E+02
-1.82281E+01	2.74104E+02	3.39927E+01	2.68055E+02	2.79441E+01	2.78367E+02
-1.80965E+01	2.77831E+02	3.42510E+01	2.71904E+02	2.83247E+01	2.82187E+02
-1.79606E+01	2.81453E+02	3.45061E+01	2.75642E+02	2.86952E+01	2.85904E+02
-1.78201E+01	2.84977E+02	3.47580E+01	2.79274E+02	2.90558E+01	2.89522E+02
-1.76753E+01	2.88404E+02	3.50065E+01	2.82805E+02	2.94072E+01	2.93046E+02
-1.75261E+01	2.91739E+02	3.52515E+01	2.86237E+02	2.97495E+01	2.96479E+02
-1.73726E+01	2.94986E+02	3.54930E+01	2.89576E+02	3.00833E+01	2.99824E+02
-1.72148E+01	2.98147E+02	3.57308E+01	2.92825E+02	3.04087E+01	3.03085E+02
-1.70528E+01	3.01225E+02	3.59649E+01	2.95987E+02	3.07260E+01	3.06265E+02
-1.68866E+01	3.04223E+02	3.61953E+01	2.99064E+02	3.10357E+01	3.09367E+02
-1.67161E+01	3.07143E+02	3.64219E+01	3.02059E+02	3.13378E+01	3.12392E+02
-1.65416E+01	3.09987E+02	3.66447E+01	3.04975E+02	3.16326E+01	3.15343E+02
-1.63630E+01	3.12757E+02	3.68638E+01	3.07814E+02	3.19203E+01	3.18223E+02
-1.61803E+01	3.15455E+02	3.70790E+01	3.10577E+02	3.22012E+01	3.21034E+02
-1.59937E+01	3.18082E+02	3.72903E+01	3.13267E+02	3.24753E+01	3.23777E+02
-1.58031E+01	3.20641E+02	3.74979E+01	3.15886E+02	3.27430E+01	3.26454E+02
-1.56086E+01	3.23132E+02	3.77016E+01	3.18435E+02	3.30042E+01	3.29066E+02
-1.54103E+01	3.25557E+02	3.79016E+01	3.20915E+02	3.32593E+01	3.31616E+02
-1.52081E+01	3.27917E+02	3.80977E+01	3.23328E+02	3.35083E+01	3.34104E+02
-1.50022E+01	3.30213E+02	3.82900E+01	3.25675E+02	3.37514E+01	3.36532E+02
-1.47926E+01	3.32446E+02	3.84785E+01	3.27956E+02	3.39887E+01	3.38901E+02
-1.45794E+01	3.34617E+02	3.86632E+01	3.30174E+02	3.42203E+01	3.41212E+02
-1.43625E+01	3.36727E+02	3.88441E+01	3.32329E+02	3.44462E+01	3.43467E+02
-1.41421E+01	3.38776E+02	3.90213E+01	3.34422E+02	3.46668E+01	3.45667E+02
-1.39183E+01	3.40765E+02	3.91947E+01	3.36453E+02	3.48819E+01	3.47811E+02
-1.36909E+01	3.42695E+02	3.93644E+01	3.38423E+02	3.50918E+01	3.49903E+02
-1.34603E+01	3.44566E+02	3.95304E+01	3.40332E+02	3.52964E+01	3.51941E+02
-1.32262E+01	3.46379E+02	3.96926E+01	3.42182E+02	3.54960E+01	3.53927E+02
-1.29890E+01	3.48133E+02	3.98512E+01	3.43972E+02	3.56905E+01	3.55862E+02
-1.27485E+01	3.49829E+02	4.00060E+01	3.45703E+02	3.58801E+01	3.57747E+02
-1.25049E+01	3.51468E+02	4.01572E+01	3.47375E+02	3.60648E+01	3.59581E+02
-1.22581E+01	3.53048E+02	4.03048E+01	3.48988E+02	3.62447E+01	3.61367E+02
-1.20084E+01	3.54571E+02	4.04487E+01	3.50542E+02	3.64198E+01	3.63104E+02
-1.17557E+01	3.56036E+02	4.05889E+01	3.52037E+02	3.65903E+01	3.64793E+02
-1.15001E+01	3.57442E+02	4.07255E+01	3.53473E+02	3.67562E+01	3.66435E+02
-1.12417E+01	3.58790E+02	4.08585E+01	3.54849E+02	3.69175E+01	3.68030E+02
-1.09805E+01	3.60079E+02	4.09880E+01	3.56165E+02	3.70743E+01	3.69578E+02
-1.07165E+01	3.61308E+02	4.11138E+01	3.57421E+02	3.72267E+01	3.71080E+02
-1.04500E+01	3.62476E+02	4.12361E+01	3.58615E+02	3.73747E+01	3.72537E+02
-1.01808E+01	3.63584E+02	4.13548E+01	3.59747E+02	3.75183E+01	3.73949E+02
-9.90917E+00	3.64629E+02	4.14699E+01	3.60817E+02	3.76577E+01	3.75317E+02
-9.63507E+00	3.65610E+02	4.15815E+01	3.61821E+02	3.77929E+01	3.76640E+02
-9.35860E+00	3.66526E+02	4.16896E+01	3.62760E+02	3.79239E+01	3.77919E+02
-9.07981E+00	3.67375E+02	4.17941E+01	3.63632E+02	3.80508E+01	3.79154E+02
-8.79878E+00	3.68155E+02	4.18951E+01	3.64433E+02	3.81737E+01	3.80346E+02
-8.51559E+00	3.68863E+02	4.19927E+01	3.65163E+02	3.82926E+01	3.81496E+02
-8.23029E+00	3.69497E+02	4.20867E+01	3.65818E+02	3.84075E+01	3.82602E+02
-7.94296E+00	3.70053E+02	4.21772E+01	3.66395E+02	3.85186E+01	3.83667E+02
-7.65367E+00	3.70528E+02	4.22643E+01	3.66890E+02	3.86258E+01	3.84689E+02
-7.36249E+00	3.70916E+02	4.23479E+01	3.67298E+02	3.87294E+01	3.85669E+02
-7.06950E+00	3.71213E+02	4.24280E+01	3.67614E+02	3.88293E+01	3.86608E+02
-6.77476E+00	3.71412E+02	4.25046E+01	3.67832E+02	3.89256E+01	3.87505E+02
-6.47835E+00	3.71504E+02	4.25779E+01	3.67945E+02	3.90185E+01	3.88361E+02
-6.18034E+00	3.71482E+02	4.26476E+01	3.67942E+02	3.91081E+01	3.89176E+02
-5.88081E+00	3.71333E+02	4.27139E+01	3.67814E+02	3.91944E+01	3.89950E+02
-5.57982E+00	3.71045E+02	4.27768E+01	3.67546E+02	3.92777E+01	3.90684E+02
-5.27746E+00	3.70601E+02	4.28363E+01	3.67122E+02	3.93581E+01	3.91377E+02
-4.97380E+00	3.69979E+02	4.28923E+01	3.66523E+02	3.94359E+01	3.92029E+02
-4.66891E+00	3.69155E+02	4.29450E+01	3.65722E+02	3.95114E+01	3.92641E+02
-4.36286E+00	3.68096E+02	4.29942E+01	3.64687E+02	3.95848E+01	3.93214E+02
-4.05575E+00	3.66760E+02	4.30399E+01	3.63376E+02	3.96566E+01	3.93746E+02
-3.74763E+00	3.65092E+02	4.30823E+01	3.61737E+02	3.97275E+01	3.94238E+02
-3.43858E+00	3.63020E+02	4.31213E+01	3.59697E+02	3.97981E+01	3.94691E+02
-3.12869E+00	3.60447E+02	4.31569E+01	3.57160E+02	3.98695E+01	3.95104E+02
-2.81802E+00	3.57239E+02	4.31891E+01	3.53993E+02	3.99430E+01	3.95477E+02
-2.50666E+00	3.53209E+02	4.32179E+01	3.50011E+02	4.00206E+01	3.95811E+02
-2.19469E+00	3.48085E+02	4.32433E+01	3.44946E+02	4.01050E+01	3.96106E+02
-1.88217E+00	3.41471E+02	4.32653E+01	3.38406E+02	4.02003E+01	3.96361E+02
-1.56918E+00	3.32771E+02	4.32839E+01	3.29800E+02	4.03126E+01	3.96577E+02
-1.25581E+00	3.21094E+02	4.32991E+01	3.18246E+02	4.04510E+01	3.96753E+02
-9.42129E-01	3.05143E+02	4.33110E+01	3.02461E+02	4.06289E+01	3.96890E+02
-6.28215E-01	2.83299E+02	4.33194E+01	2.80842E+02	4.08627E+01	3.96988E+02
-3.14146E-01	2.54457E+02	4.33245E+01	2.52297E+02	4.11639E+01	3.97047E+02
-6.25376E-13	2.20196E+02	4.33262E+01	2.18387E+02	4.15164E+01	3.97067E+02
3.14146E-01	1.85914E+02	4.33245E+01	1.84455E+02	4.18653E+01	3.97047E+02
6.28215E-01	1.57009E+02	4.33194E+01	1.55845E+02	4.21556E+01	3.96988E+02
9.42129E-01	1.35058E+02	4.33110E+01	1.34119E+02	4.23711E+01	3.96890E+02
1.25581E+00	1.18958E+02	4.32991E+01	1.18183E+02	4.25234E+01	3.96753E+02
1.56918E+00	1.07089E+02	4.32839E+01	1.06434E+02	4.26290E+01	3.96577E+02
1.88217E+00	9.81556E+01	4.32653E+01	9.75914E+01	4.27011E+01	3.96361E+02
2.19469E+00	9.12643E+01	4.32433E+01	9.07699E+01	4.27489E+01	3.96106E+02
2.50666E+00	8.58207E+01	4.32179E+01	8.53813E+01	4.27785E+01	3.95811E+02
2.81802E+00	8.14274E+01	4.31891E+01	8.10321E+01	4.27938E+01	3.95477E+02
3.12869E+00	7.78140E+01	4.31569E+01	7.74549E+01	4.27978E+01	3.95104E+02
3.43858E+00	7.47926E+01	4.31213E+01	7.44636E+01	4.27923E+01	3.94691E+02
3.74763E+00	7.22292E+01	4.30823E+01	7.19255E+01	4.27787E+01	3.94238E+02
4.05575E+00	7.00264E+01	4.30399E+01	6.97443E+01	4.27579E+01	3.93746E+02
4.36286E+00	6.81119E+01	4.29942E+01	6.78485E+01	4.27307E+01	3.93214E+02
4.66891E+00	6.64312E+01	4.29450E+01	6.61840E+01	4.26977E+01	3.92641E+02
4.97380E+00	6.49422E+01	4.28923E+01	6.47092E+01	4.26593E+01	3.92029E+02
5.27746E+00	6.36122E+01	4.28363E+01	6.33917E+01	4.26158E+01	3.91377E+02
5.57982E+00	6.24153E+01	4.27768E+01	6.22059E+01	4.25675E+01	3.90684E+02
5.88081E+00	6.13307E+01	4.27139E+01	6.11313E+01	4.25146E+01	3.89950E+02
6.18034E+00	6.03417E+01	4.26476E+01	6.01513E+01	4.24572E+01	3.89176E+02
6.47835E+00	5.94347E+01	4.25779E+01	5.92523E+01	4.23954E+01	3.88361E+02
6.77476E+00	5.85982E+01	4.25046E+01	5.84231E+01	4.23295E+01	3.87505E+02
7.06950E+00	5.78228E+01	4.24280E+01	5.76543E+01	4.22595E+01	3.86608E+02
7.36249E+00	5.71007E+01	4.23479E+01	5.69383E+01	4.21854E+01	3.85669E+02
7.65367E+00	5.64252E+01	4.22643E+01	5.62683E+01	4.21073E+01	3.84689E+02
7.94296E+00	5.57906E+01	4.21772E+01	5.56387E+01	4.20253E+01	3.83667E+02
8.23029E+00	5.51920E+01	4.20867E+01	5.50448E+01	4.19394E+01	3.82602E+02
8.51559E+00	5.46253E+01	4.19927E+01	5.44823E+01	4.18497E+01	3.81496E+02
8.79878E+00	5.40868E+01	4.18951E+01	5.39478E+01	4.17561E+01	3.80346E+02
9.07981E+00	5.35734E+01	4.17941E+01	5.34380E+01	4.16587E+01	3.79154E+02
9.35860E+00	5.30823E+01	4.16896E+01	5.29503E+01	4.15575E+01	3.77919E+02
9.63507E+00	5.26112E+01	4.15815E+01	5.24822E+01	4.14525E+01	3.76640E+02
9.90917E+00	5.21578E+01	4.14699E+01	5.20317E+01	4.13438E+01	3.75317E+02
1.01808E+01	5.17203E+01	4.13548E+01	5.15969E+01	4.12313E+01	3.73949E+02
1.04500E+01	5.12970E+01	4.12361E+01	5.11760E+01	4.11151E+01	3.72537E+02
1.07165E+01	5.08864E+01	4.11138E+01	5.07678E+01	4.09952E+01	3.71080E+02
1.09805E+01	5.04872E+01	4.09880E+01	5.03707E+01	4.08715E+01	3.69578E+02
1.12417E+01	5.00981E+01	4.08585E+01	4.99836E+01	4.07440E+01	3.68030E+02
1.15001E+01	4.97182E+01	4.07255E+01	4.96055E+01	4.06128E+01	3.66435E+02
1.17557E+01	4.93463E+01	4.05889E+01	4.92353E+01	4.04779E+01	3.64793E+02
1.20084E+01	4.89817E+01	4.04487E+01	4.88722E+01	4.03392E+01	3.63104E+02
1.22581E+01	4.86234E+01	4.03048E+01	4.85154E+01	4.01968E+01	3.61367E+02
1.25049E+01	4.82709E+01	4.01572E+01	4.81642E+01	4.00506E+01	3.59581E+02
1.27485E+01	4.79233E+01	4.00060E+01	4.78179E+01	3.99006E+01	3.57747E+02
1.29890E+01	4.75802E+01	3.98512E+01	4.74758E+01	3.97469E+01	3.55862E+02
1.32262E+01	4.72408E+01	3.96926E+01	4.71375E+01	3.95893E+01	3.53927E+02
1.34603E+01	4.69048E+01	3.95304E+01	4.68024E+01	3.94280E+01	3.51941E+02
1.36909E+01	4.65715E+01	3.93644E+01	4.64700E+01	3.92629E+01	3.49903E+02
1.39183E+01	4.62407E+01	3.91947E+01	4.61399E+01	3.90940E+01	3.47811E+02
1.41421E+01	4.59118E+01	3.90213E+01	4.58117E+01	3.89212E+01	3.45667E+02
1.43625E+01	4.55845E+01	3.88441E+01	4.54850E+01	3.87446E+01	3.43467E+02
1.45794E+01	4.52584E+01	3.86632E+01	4.51594E+01	3.85642E+01	3.41212E+02
1.47926E+01	4.49332E+01	3.84785E+01	4.48346E+01	3.83799E+01	3.38901E+02
1.50022E+01	4.46086E+01	3.82900E+01	4.45103E+01	3.81917E+01	3.36532E+02
1.52081E+01	4.42843E+01	3.80977E+01	4.41863E+01	3.79997E+01	3.34104E+02
1.54103E+01	4.39599E+01	3.79016E+01	4.38622E+01	3.78038E+01	3.31616E+02
1.56086E+01	4.36354E+01	3.77016E+01	4.35377E+01	3.76040E+01	3.29066E+02
1.58031E+01	4.33104E+01	3.74979E+01	4.32128E+01	3.74003E+01	3.26454E+02
1.59937E+01	4.29846E+01	3.72903E+01	4.28870E+01	3.71927E+01	3.23777E+02
1.61803E+01	4.26580E+01	3.70790E+01	4.25602E+01	3.69812E+01	3.21034E+02
1.63630E+01	4.23303E+01	3.68638E+01	4.22323E+01	3.67658E+01	3.18223E+02
1.65416E+01	4.20012E+01	3.66447E+01	4.19030E+01	3.65465E+01	3.15343E+02
1.67161E+01	4.16707E+01	3.64219E+01	4.15721E+01	3.63233E+01	3.12392E+02
1.68866E+01	4.13385E+01	3.61953E+01	4.12395E+01	3.60963E+01	3.09367E+02
1.70528E+01	4.10046E+01	3.59649E+01	4.09051E+01	3.58654E+01	3.06265E+02
1.72148E+01	4.06687E+01	3.57308E+01	4.05686E+01	3.56306E+01	3.03085E+02
1.73726E+01	4.03308E+01	3.54930E+01	4.02300E+01	3.53921E+01	2.99824E+02
1.75261E+01	3.99908E+01	3.52515E+01	3.98891E+01	3.51499E+01	2.96479E+02
1.76753E+01	3.96485E+01	3.50065E+01	3.95460E+01	3.49039E+01	2.93046E+02
1.78201E+01	3.93039E+01	3.47580E+01	3.92003E+01	3.46544E+01	2.89522E+02
1.79606E+01	3.89570E+01	3.45061E+01	3.88522E+01	3.44014E+01	2.85904E+02
1.80965E+01	3.86076E+01	3.42510E+01	3.85016E+01	3.41450E+01	2.82187E+02
1.82281E+01	3.82559E+01	3.39927E+01	3.81485E+01	3.38853E+01	2.78367E+02
1.83551E+01	3.79018E+01	3.37316E+01	3.77928E+01	3.36227E+01	2.74438E+02
1.84776E+01	3.75454E+01	3.34678E+01	3.74347E+01	3.33572E+01	2.70395E+02
1.85955E+01	3.71868E+01	3.32017E+01	3.70743E+01	3.30892E+01	2.66233E+02
1.87089E+01	3.68262E+01	3.29336E+01	3.67116E+01	3.28190E+01	2.61943E+02
1.88176E+01	3.64639E+01	3.26639E+01	3.63471E+01	3.25471E+01	2.57519E+02
1.89217E+01	3.61002E+01	3.23933E+01	3.59809E+01	3.22740E+01	2.52951E+02
1.90211E+01	3.57355E+01	3.21224E+01	3.56135E+01	3.20004E+01	2.48231E+02
1.91159E+01	3.53706E+01	3.18521E+01	3.52455E+01	3.17270E+01	2.43347E+02
1.92059E+01	3.50062E+01	3.15834E+01	3.48778E+01	3.14550E+01	2.38287E+02
1.92911E+01	3.46433E+01	3.13178E+01	3.45111E+01	3.11857E+01	2.33035E+02
1.93717E+01	3.42833E+01	3.10570E+01	3.41471E+01	3.09208E+01	2.27576E+02
1.94474E+01	3.39281E+01	3.08032E+01	3.37873E+01	3.06623E+01	2.21890E+02
1.95183E+01	3.35801E+01	3.05593E+01	3.34340E+01	3.04132E+01	2.15953E+02
1.95845E+01	3.32424E+01	3.03289E+01	3.30905E+01	3.01770E+01	2.09739E+02
1.96457E+01	3.29193E+01	3.01171E+01	3.27607E+01	2.99585E+01	2.03214E+02
1.97022E+01	3.26166E+01	2.99305E+01	3.24504E+01	2.97642E+01	1.96338E+02
1.97538E+01	3.23423E+01	2.97779E+01	3.21673E+01	2.96028E+01	1.89059E+02
1.98005E+01	3.21074E+01	2.96717E+01	3.19220E+01	2.94863E+01	1.81313E+02
1.98423E+01	3.19274E+01	2.96292E+01	3.17299E+01	2.94316E+01	1.73017E+02
1.98792E+01	3.18248E+01	2.96748E+01	3.16125E+01	2.94625E+01	1.64059E+02
1.99112E+01	3.18313E+01	2.98436E+01	3.16010E+01	2.96133E+01	1.54282E+02
1.99383E+01	3.19916E+01	3.01848E+01	3.17390E+01	2.99321E+01	1.43457E+02
1.99605E+01	3.23614E+01	3.07606E+01	3.20804E+01	3.04796E+01	1.31226E+02
1.99778E+01	3.29701E+01	3.16111E+01	3.26531E+01	3.12941E+01	1.16976E+02
1.99901E+01	3.35777E+01	3.25126E+01	3.32187E+01	3.21536E+01	9.94572E+01
1.99975E+01	2.59089E+01	2.53492E+01	2.56021E+01	2.50423E+01	6.05461E+01
2.00000E+01	-2.80821E-10	-2.77214E-10	-2.77214E-10	-2.73607E-10	-5.04026E-10
